0 0.5113357843137255 0.7450980392156863 0.04105392156862745 0.05228758169934641
0 0.5431985294117647 0.9084967320261438 0.03370098039215686 0.08006535947712418
0 0.7745098039215687 0.6560457516339869 0.056372549019607844 0.032679738562091505
0 0.05545343137254902 0.6670751633986928 0.027573529411764705 0.07924836601307189
0 0.31924019607843135 0.7540849673202614 0.07107843137254902 0.029411764705882353
0 0.3241421568627451 0.8080065359477124 0.04656862745098039 0.05718954248366013
0 0.42371323529411764 0.24428104575163398 0.03002450980392157 0.0392156862745098
0 0.42861519607843135 0.30637254901960786 0.02389705882352941 0.04411764705882353
0 0.4647671568627451 0.3137254901960784 0.026348039215686275 0.03431372549019608
0 0.7558210784313726 0.38235294117647056 0.04840686274509804 0.042483660130718956
0 0.13480392156862744 0.6699346405228758 0.012254901960784314 0.016339869281045753
0 0.14583333333333334 0.7071078431372549 0.022058823529411766 0.07434640522875817
0 0.31556372549019607 0.6384803921568627 0.022058823529411766 0.08741830065359477
0 0.6197916666666666 0.7205882352941176 0.03002450980392157 0.05718954248366013
0 0.33517156862745096 0.13848039215686275 0.031862745098039214 0.051470588235294115
0 0.49172794117647056 0.5 0.025122549019607844 0.06535947712418301
0 0.5517769607843137 0.23039215686274508 0.052083333333333336 0.042483660130718956
0 0.22916666666666666 0.8272058823529411 0.041666666666666664 0.059640522875817
0 0.6498161764705882 0.951797385620915 0.03002450980392157 0.06209150326797386
0 0.5741421568627451 0.5371732026143791 0.03553921568627451 0.06944444444444445