0 0.9420955882352942 0.8051470588235294 0.03002450980392157 0.0857843137254902
0 0.9417892156862745 0.4738562091503268 0.03799019607843137 0.10457516339869281
0 0.8630514705882353 0.36519607843137253 0.04963235294117647 0.032679738562091505
0 0.35753676470588236 0.6139705882352942 0.05821078431372549 0.03676470588235294
0 0.11243872549019608 0.5641339869281046 0.05330882352941176 0.059640522875817
0 0.24080882352941177 0.3374183006535948 0.024509803921568627 0.06372549019607843
0 0.14154411764705882 0.056372549019607844 0.03553921568627451 0.06535947712418301
0 0.3584558823529412 0.2900326797385621 0.04656862745098039 0.05065359477124183
0 0.6593137254901961 0.04370915032679738 0.03676470588235294 0.03676470588235294
0 0.6731004901960784 0.40236928104575165 0.026348039215686275 0.0661764705882353
0 0.35263480392156865 0.7675653594771242 0.032475490196078434 0.08415032679738563
0 0.008884803921568627 0.7328431372549019 0.017769607843137254 0.05228758169934641