0 0.8002450980392157 0.032679738562091505 0.04044117647058824 0.06209150326797386
0 0.21446078431372548 0.8888888888888888 0.07965686274509803 0.06699346405228758
0 0.8161764705882353 0.38112745098039214 0.11764705882352941 0.07107843137254902
0 0.5827205882352942 0.630718954248366 0.04534313725490196 0.08496732026143791
0 0.6920955882352942 0.17116013071895425 0.02144607843137255 0.0661764705882353
0 0.7221200980392157 0.20506535947712418 0.02267156862745098 0.05555555555555555
0 0.7215073529411765 0.2647058823529412 0.018995098039215685 0.03758169934640523
0 0.984375 0.7283496732026143 0.028799019607843136 0.02369281045751634
0 0.45955882352941174 0.39828431372549017 0.0625 0.02696078431372549
0 0.6106004901960784 0.698937908496732 0.02267156862745098 0.041666666666666664
0 0.05545343137254902 0.5870098039215687 0.04105392156862745 0.03349673202614379
0 0.15042892156862744 0.8231209150326797 0.05821078431372549 0.02696078431372549
0 0.030330882352941176 0.698937908496732 0.06066176470588235 0.04493464052287582