0 0.851103 0.522876 0.040441 0.060458
0 0.706189 0.381536 0.031250 0.083333
0 0.280637 0.122141 0.033088 0.062908
0 0.316176 0.254085 0.035539 0.039216
0 0.103554 0.146650 0.071078 0.033497
0 0.916973 0.206291 0.055760 0.059641
0 0.969669 0.864379 0.025123 0.065359
0 0.783395 0.837010 0.071691 0.028595
0 0.630821 0.727533 0.065564 0.049837
0 0.397978 0.777369 0.063113 0.033497
0 0.927696 0.946078 0.044118 0.037582
0 0.645221 0.969771 0.036765 0.053922
0 0.543199 0.974673 0.045956 0.037582
0 0.489890 0.032680 0.033701 0.062092
0 0.806679 0.685458 0.027574 0.099673
0 0.423100 0.348856 0.061887 0.039216
0 0.208333 0.192402 0.047794 0.026961
0 0.406556 0.578431 0.061887 0.031046
0 0.092525 0.559641 0.045343 0.071895
0 0.417892 0.500000 0.036765 0.078431
0 0.613664 0.801879 0.054534 0.046569
