0 0.5199142156862745 0.35375816993464054 0.03125 0.08496732026143791
0 0.8566176470588235 0.26266339869281047 0.03308823529411765 0.08741830065359477
0 0.1636029411764706 0.5984477124183006 0.03553921568627451 0.10212418300653595
0 0.25214460784313725 0.7058823529411765 0.05575980392156863 0.032679738562091505
0 0.40441176470588236 0.5674019607843137 0.031862745098039214 0.06944444444444445
0 0.4810049019607843 0.6013071895424836 0.0392156862745098 0.05718954248366013
0 0.6681985294117647 0.6907679738562091 0.052083333333333336 0.041666666666666664
0 0.4408700980392157 0.8276143790849673 0.04105392156862745 0.03758169934640523
0 0.6299019607843137 0.9219771241830066 0.03553921568627451 0.07761437908496732
0 0.6075367647058824 0.4554738562091503 0.0508578431372549 0.04003267973856209
0 0.7708333333333334 0.7790032679738562 0.07475490196078431 0.03022875816993464
0 0.7708333333333334 0.8562091503267973 0.06740196078431372 0.03431372549019608
0 0.24479166666666666 0.08251633986928104 0.037377450980392156 0.0392156862745098
0 0.5934436274509803 0.5759803921568627 0.061887254901960786 0.042483660130718956
0 0.7383578431372549 0.5502450980392157 0.04779411764705882 0.028594771241830064
0 0.9491421568627451 0.6147875816993464 0.03676470588235294 0.041666666666666664
0 0.6106004901960784 0.22916666666666666 0.05575980392156863 0.03676470588235294
0 0.029411764705882353 0.5449346405228758 0.041666666666666664 0.1111111111111111
0 0.14950980392156862 0.8794934640522876 0.031862745098039214 0.059640522875817
0 0.6795343137254902 0.3043300653594771 0.02696078431372549 0.07598039215686274
0 0.6626838235294118 0.02287581699346405 0.027573529411764705 0.0457516339869281
0 0.3786764705882353 0.3541666666666667 0.06740196078431372 0.06781045751633986
0 0.10294117647058823 0.06944444444444445 0.031862745098039214 0.05392156862745098
0 0.12622549019607843 0.08006535947712418 0.030637254901960783 0.05228758169934641