0 0.15900735294117646 0.4840686274509804 0.0508578431372549 0.04656862745098039
0 0.3697916666666667 0.5461601307189542 0.03125 0.07434640522875817
0 0.34681372549019607 0.6356209150326797 0.041666666666666664 0.04411764705882353
0 0.49754901960784315 0.5690359477124183 0.03676470588235294 0.07598039215686274
0 0.42034313725490197 0.9040032679738562 0.022058823529411766 0.06454248366013073
0 0.2503063725490196 0.8137254901960784 0.04595588235294118 0.0457516339869281
0 0.7043504901960784 0.7949346405228758 0.09865196078431372 0.058823529411764705
0 0.6366421568627451 0.6646241830065359 0.03676470588235294 0.07434640522875817
0 0.4332107843137255 0.8415032679738562 0.03431372549019608 0.06699346405228758
0 0.016237745098039217 0.4681372549019608 0.03002450980392157 0.05228758169934641
0 0.8560049019607843 0.11642156862745098 0.04779411764705882 0.09722222222222222