0 0.15808823529411764 0.3897058823529412 0.05024509803921569 0.0718954248366013
0 0.2913602941176471 0.38480392156862747 0.04105392156862745 0.03758169934640523
0 0.6354166666666666 0.4456699346405229 0.05759803921568627 0.03022875816993464
0 0.647671568627451 0.3872549019607843 0.06740196078431372 0.042483660130718956
0 0.7996323529411765 0.42197712418300654 0.024509803921568627 0.09722222222222222
0 0.6881127450980392 0.8398692810457516 0.0428921568627451 0.06209150326797386
0 0.6580882352941176 0.8545751633986928 0.024509803921568627 0.06209150326797386
0 0.7622549019607843 0.6584967320261438 0.0392156862745098 0.07679738562091504
0 0.6896446078431373 0.571078431372549 0.027573529411764705 0.07679738562091504
0 0.31035539215686275 0.6981209150326797 0.03370098039215686 0.04330065359477124
0 0.4025735294117647 0.44199346405228757 0.0392156862745098 0.03758169934640523
0 0.33670343137254904 0.3897058823529412 0.026348039215686275 0.06045751633986928
0 0.6461397058823529 0.027777777777777776 0.032475490196078434 0.05555555555555555
0 0.6544117647058824 0.08047385620915033 0.041666666666666664 0.028594771241830064
0 0.6645220588235294 0.10620915032679738 0.02389705882352941 0.05392156862745098
0 0.7218137254901961 0.5077614379084967 0.04044117647058824 0.06454248366013073
0 0.7303921568627451 0.3272058823529412 0.0392156862745098 0.07434640522875817
0 0.33118872549019607 0.15359477124183007 0.02267156862745098 0.05392156862745098
0 0.25643382352941174 0.31781045751633985 0.017769607843137254 0.0718954248366013
0 0.2867647058823529 0.32802287581699346 0.030637254901960783 0.051470588235294115
0 0.7953431372549019 0.7099673202614379 0.023284313725490197 0.04084967320261438