0 0.6525735294117647 0.34395424836601307 0.0428921568627451 0.05065359477124183
0 0.49264705882352944 0.37173202614379086 0.03676470588235294 0.05555555555555555
0 0.3180147058823529 0.1687091503267974 0.06740196078431372 0.03676470588235294
0 0.15410539215686275 0.1642156862745098 0.07291666666666667 0.06209150326797386
0 0.47640931372549017 0.03553921568627451 0.05821078431372549 0.06454248366013073
0 0.5879289215686274 0.49264705882352944 0.07536764705882353 0.05065359477124183
0 0.5006127450980392 0.553921568627451 0.07352941176470588 0.049019607843137254
0 0.5413602941176471 0.5964052287581699 0.02267156862745098 0.058823529411764705
0 0.42463235294117646 0.7798202614379085 0.0784313725490196 0.03839869281045752
0 0.22794117647058823 0.6319444444444444 0.0392156862745098 0.025326797385620915
0 0.2545955882352941 0.616421568627451 0.04718137254901961 0.031862745098039214
0 0.7205882352941176 0.7757352941176471 0.030637254901960783 0.08088235294117647
0 0.6556372549019608 0.8304738562091504 0.049019607843137254 0.03839869281045752
0 0.31495098039215685 0.9714052287581699 0.04044117647058824 0.03758169934640523
0 0.1173406862745098 0.9358660130718954 0.04595588235294118 0.04656862745098039
0 0.16023284313725492 0.9252450980392157 0.06066176470588235 0.0857843137254902
0 0.07567401960784313 0.9771241830065359 0.05330882352941176 0.0392156862745098
0 0.8618259803921569 0.6029411764705882 0.03125 0.08333333333333333
0 0.9635416666666666 0.678921568627451 0.06556372549019608 0.049019607843137254