0 0.4684436274509804 0.8296568627450981 0.028799019607843136 0.07761437908496732
0 0.522671568627451 0.8872549019607843 0.03431372549019608 0.06372549019607843
0 0.6161151960784313 0.6687091503267973 0.05698529411764706 0.03839869281045752
0 0.664828431372549 0.7026143790849673 0.0428921568627451 0.049019607843137254
0 0.8373161764705882 0.6045751633986928 0.02022058823529412 0.06209150326797386
0 0.8811274509803921 0.3525326797385621 0.04044117647058824 0.05800653594771242
0 0.9574142156862745 0.5330882352941176 0.025122549019607844 0.07761437908496732
0 0.9852941176470589 0.7622549019607843 0.028186274509803922 0.0915032679738562
0 0.2772671568627451 0.8786764705882353 0.028799019607843136 0.07761437908496732
0 0.33731617647058826 0.5151143790849673 0.025122549019607844 0.059640522875817
0 0.3596813725490196 0.5555555555555556 0.031862745098039214 0.09313725490196079
0 0.04963235294117647 0.1781045751633987 0.03431372549019608 0.05228758169934641
0 0.0934436274509804 0.04125816993464052 0.06556372549019608 0.04493464052287582
0 0.5251225490196079 0.12990196078431374 0.04411764705882353 0.04738562091503268
0 0.6081495098039216 0.12663398692810457 0.03002450980392157 0.09477124183006536
0 0.7245710784313726 0.11642156862745098 0.02267156862745098 0.06781045751633986
0 0.7693014705882353 0.11151960784313726 0.03125 0.09068627450980392
0 0.9356617647058824 0.049836601307189546 0.04779411764705882 0.0457516339869281
0 0.7162990196078431 0.4395424836601307 0.06495098039215687 0.05555555555555555
0 0.9231004901960784 0.8897058823529411 0.027573529411764705 0.05555555555555555