0 0.12438725490196079 0.2361111111111111 0.0392156862745098 0.04411764705882353
0 0.3400735294117647 0.4452614379084967 0.030637254901960783 0.06045751633986928
0 0.5594362745098039 0.47549019607843135 0.02696078431372549 0.05065359477124183
0 0.5545343137254902 0.7058823529411765 0.049019607843137254 0.042483660130718956
0 0.3627450980392157 0.6821895424836601 0.06862745098039216 0.05555555555555555
0 0.7313112745098039 0.7320261437908496 0.052083333333333336 0.05392156862745098
0 0.835171568627451 0.43709150326797386 0.056372549019607844 0.04738562091503268
0 0.22181372549019607 0.954248366013072 0.07475490196078431 0.05065359477124183
0 0.44362745098039214 0.0886437908496732 0.04779411764705882 0.06290849673202614
0 0.22794117647058823 0.5330882352941176 0.03676470588235294 0.03676470588235294
0 0.00428921568627451 0.37254901960784315 0.00857843137254902 0.016339869281045753
0 0.030330882352941176 0.3954248366013072 0.05575980392156863 0.0457516339869281
0 0.38357843137254904 0.2790032679738562 0.0392156862745098 0.031862745098039214
0 0.3584558823529412 0.8390522875816994 0.051470588235294115 0.042483660130718956
0 0.05698529411764706 0.12581699346405228 0.03799019607843137 0.05228758169934641