0 0.48651960784313725 0.3897058823529412 0.03553921568627451 0.0718954248366013
0 0.8596813725490197 0.29125816993464054 0.05024509803921569 0.059640522875817
0 0.1954656862745098 0.1343954248366013 0.031862745098039214 0.049836601307189546
0 0.17279411764705882 0.42483660130718953 0.031862745098039214 0.06699346405228758
0 0.8903186274509803 0.3472222222222222 0.025735294117647058 0.06209150326797386
0 0.05698529411764706 0.2839052287581699 0.03553921568627451 0.06944444444444445
0 0.4739583333333333 0.6196895424836601 0.03002450980392157 0.04493464052287582
0 0.5119485294117647 0.622140522875817 0.03002450980392157 0.04003267973856209
0 0.5462622549019608 0.6180555555555556 0.032475490196078434 0.028594771241830064
0 0.5707720588235294 0.5784313725490197 0.028799019607843136 0.04738562091503268
0 0.3134191176470588 0.7038398692810458 0.0508578431372549 0.031862745098039214
0 0.23069852941176472 0.9121732026143791 0.044730392156862746 0.03676470588235294
0 0.140625 0.7708333333333334 0.02144607843137255 0.06781045751633986
0 0.7876838235294118 0.5833333333333334 0.025122549019607844 0.06372549019607843
0 0.9883578431372549 0.6744281045751634 0.022058823529411766 0.07107843137254902
0 0.03829656862745098 0.19648692810457516 0.02389705882352941 0.028594771241830064