0 0.46109068627450983 0.7438725490196079 0.03370098039215686 0.06454248366013073
0 0.5275735294117647 0.8688725490196079 0.031862745098039214 0.06944444444444445
0 0.5955882352941176 0.5951797385620915 0.06004901960784314 0.059640522875817
0 0.018995098039215685 0.25449346405228757 0.03308823529411765 0.06454248366013073
0 0.921875 0.15359477124183007 0.037377450980392156 0.06209150326797386
0 0.5664828431372549 0.34844771241830064 0.027573529411764705 0.059640522875817
0 0.2503063725490196 0.38480392156862747 0.044730392156862746 0.05718954248366013
0 0.8278186274509803 0.5477941176470589 0.05392156862745098 0.035130718954248366
0 0.7634803921568627 0.5379901960784313 0.03553921568627451 0.05800653594771242
0 0.4678308823529412 0.9579248366013072 0.05821078431372549 0.02696078431372549
0 0.7800245098039216 0.10866013071895425 0.0428921568627451 0.09967320261437909
0 0.28125 0.10375816993464053 0.03431372549019608 0.06862745098039216
0 0.6835171568627451 0.6217320261437909 0.02144607843137255 0.05555555555555555
0 0.6954656862745098 0.5972222222222222 0.03553921568627451 0.05392156862745098
0 0.7757352941176471 0.44689542483660133 0.04656862745098039 0.07352941176470588
0 0.7729779411764706 0.7226307189542484 0.061887254901960786 0.03839869281045752
0 0.41973039215686275 0.4673202614379085 0.0428921568627451 0.06045751633986928