0 0.32046568627450983 0.4227941176470588 0.051470588235294115 0.028594771241830064
0 0.21997549019607843 0.5498366013071896 0.0428921568627451 0.06045751633986928
0 0.34987745098039214 0.6883169934640523 0.04044117647058824 0.03349673202614379
0 0.6770833333333334 0.6491013071895425 0.02696078431372549 0.07761437908496732
0 0.11948529411764706 0.8790849673202614 0.04656862745098039 0.05228758169934641
0 0.39338235294117646 0.1854575163398693 0.03799019607843137 0.11437908496732026
0 0.39767156862745096 0.34068627450980393 0.03676470588235294 0.04738562091503268
0 0.5024509803921569 0.29983660130718953 0.031862745098039214 0.05392156862745098
0 0.5079656862745098 0.31209150326797386 0.012254901960784314 0.016339869281045753
0 0.5257352941176471 0.3415032679738562 0.03553921568627451 0.058823529411764705
0 0.5962009803921569 0.32107843137254904 0.041666666666666664 0.042483660130718956
0 0.8685661764705882 0.5220588235294118 0.03002450980392157 0.03594771241830065
0 0.8115808823529411 0.9166666666666666 0.025122549019607844 0.05228758169934641
0 0.5474877450980392 0.8647875816993464 0.0508578431372549 0.03022875816993464
0 0.25949754901960786 0.516748366013072 0.06433823529411764 0.035130718954248366
0 0.25857843137254904 0.5404411764705882 0.049019607843137254 0.035130718954248366
0 0.3866421568627451 0.4803921568627451 0.03553921568627451 0.05392156862745098
0 0.41605392156862747 0.4889705882352941 0.03799019607843137 0.04330065359477124
0 0.914828431372549 0.5343137254901961 0.0625 0.05392156862745098
0 0.6415441176470589 0.1119281045751634 0.04411764705882353 0.049019607843137254
0 0.984375 0.35947712418300654 0.028799019607843136 0.04411764705882353
0 0.7818627450980392 0.8321078431372549 0.03431372549019608 0.0727124183006536
0 0.07935049019607843 0.3002450980392157 0.03002450980392157 0.04656862745098039
0 0.38265931372549017 0.6940359477124183 0.02144607843137255 0.0661764705882353