0 0.161765 0.361520 0.031863 0.077614
0 0.401961 0.291258 0.029412 0.077614
0 0.453738 0.378676 0.026348 0.053105
0 0.547488 0.469771 0.047181 0.039216
0 0.615809 0.341503 0.030637 0.047386
0 0.462010 0.549020 0.031863 0.032680
0 0.423100 0.908497 0.033701 0.080065
0 0.479167 0.925654 0.049020 0.073529
0 0.534314 0.918301 0.028186 0.070261
0 0.597733 0.943627 0.043505 0.066993
0 0.592831 0.977124 0.041054 0.039216
0 0.743873 0.816993 0.035539 0.086601
0 0.366422 0.332925 0.024510 0.031863
0 0.629902 0.058824 0.064951 0.047386
0 0.224265 0.340686 0.049020 0.032680
0 0.391238 0.357843 0.020221 0.047386
