0 0.7803308823529411 0.3660130718954248 0.044730392156862746 0.07026143790849673
0 0.5431985294117647 0.4591503267973856 0.04105392156862745 0.032679738562091505
0 0.78125 0.6037581699346405 0.028186274509803922 0.04738562091503268
0 0.7279411764705882 0.7479575163398693 0.025735294117647058 0.051470588235294115
0 0.9276960784313726 0.8014705882352942 0.07107843137254902 0.0392156862745098
0 0.3023897058823529 0.6294934640522876 0.03002450980392157 0.059640522875817
0 0.647671568627451 0.7156862745098039 0.0784313725490196 0.032679738562091505
0 0.5591299019607843 0.2777777777777778 0.03125 0.05228758169934641
0 0.8511029411764706 0.7863562091503268 0.025735294117647058 0.07434640522875817
0 0.13756127450980393 0.494281045751634 0.02389705882352941 0.0718954248366013
0 0.04595588235294118 0.7075163398692811 0.051470588235294115 0.0392156862745098
0 0.02696078431372549 0.5837418300653595 0.0392156862745098 0.02696078431372549
0 0.24448529411764705 0.755718954248366 0.03676470588235294 0.04411764705882353
0 0.29442401960784315 0.7258986928104575 0.025122549019607844 0.06290849673202614
0 0.32659313725490197 0.05718954248366013 0.04656862745098039 0.04738562091503268
0 0.5903799019607843 0.48161764705882354 0.02022058823529412 0.06290849673202614
0 0.9295343137254902 0.48161764705882354 0.04779411764705882 0.018790849673202614
0 0.5968137254901961 0.0951797385620915 0.03308823529411765 0.06290849673202614