0 0.1871936274509804 0.25531045751633985 0.06066176470588235 0.031862745098039214
0 0.15870098039215685 0.40727124183006536 0.07720588235294118 0.041666666666666664
0 0.46200980392156865 0.41830065359477125 0.04656862745098039 0.07352941176470588
0 0.5349264705882353 0.2479575163398693 0.05024509803921569 0.061274509803921566
0 0.7876838235294118 0.3888888888888889 0.08639705882352941 0.05555555555555555
0 0.7738970588235294 0.6017156862745098 0.03308823529411765 0.07761437908496732
0 0.8327205882352942 0.6981209150326797 0.08946078431372549 0.03349673202614379
0 0.9028799019607843 0.6491013071895425 0.04350490196078431 0.08088235294117647
0 0.7515318627450981 0.8247549019607843 0.026348039215686275 0.07107843137254902
0 0.7579656862745098 0.9628267973856209 0.051470588235294115 0.04003267973856209
0 0.21262254901960784 0.8390522875816994 0.0392156862745098 0.049019607843137254
0 0.12071078431372549 0.8459967320261438 0.041666666666666664 0.031862745098039214