0 0.1642156862745098 0.05228758169934641 0.03308823529411765 0.04738562091503268
0 0.13388480392156862 0.1111111111111111 0.03002450980392157 0.05718954248366013
0 0.46078431372549017 0.049019607843137254 0.029411764705882353 0.07026143790849673
0 0.5343137254901961 0.31004901960784315 0.0392156862745098 0.03349673202614379
0 0.6939338235294118 0.39624183006535946 0.05821078431372549 0.06699346405228758
0 0.5600490196078431 0.5894607843137255 0.04534313725490196 0.028594771241830064
0 0.39797794117647056 0.641748366013072 0.06311274509803921 0.031862745098039214
0 0.5575980392156863 0.6315359477124183 0.06862745098039216 0.042483660130718956
0 0.6200980392156863 0.678921568627451 0.03431372549019608 0.0392156862745098
0 0.4525122549019608 0.7561274509803921 0.06311274509803921 0.035130718954248366
0 0.11366421568627451 0.4881535947712418 0.06311274509803921 0.035130718954248366
0 0.14583333333333334 0.7393790849673203 0.03431372549019608 0.042483660130718956
0 0.5955882352941176 0.886437908496732 0.05269607843137255 0.06209150326797386
0 0.6259191176470589 0.8733660130718954 0.034926470588235295 0.05392156862745098
0 0.9117647058823529 0.30800653594771243 0.04779411764705882 0.042483660130718956
0 0.8863357843137255 0.12050653594771242 0.07291666666666667 0.04493464052287582