0 0.5575980392156863 0.6225490196078431 0.025735294117647058 0.058823529411764705
0 0.3118872549019608 0.8133169934640523 0.0428921568627451 0.028594771241830064
0 0.6360294117647058 0.5543300653594772 0.04044117647058824 0.02369281045751634
0 0.6366421568627451 0.5236928104575164 0.031862745098039214 0.05718954248366013
0 0.694546568627451 0.556781045751634 0.017769607843137254 0.06944444444444445
0 0.7864583333333334 0.7344771241830066 0.05698529411764706 0.05065359477124183
0 0.4384191176470588 0.8022875816993464 0.0508578431372549 0.03758169934640523
0 0.4898897058823529 0.09558823529411764 0.028799019607843136 0.05555555555555555
0 0.5431985294117647 0.44076797385620914 0.02144607843137255 0.07107843137254902
0 0.5009191176470589 0.8921568627450981 0.06066176470588235 0.06045751633986928
0 0.5266544117647058 0.7802287581699346 0.03125 0.09967320261437909
0 0.7389705882352942 0.5980392156862745 0.0392156862745098 0.09640522875816994
0 0.6182598039215687 0.9767156862745098 0.023284313725490197 0.04493464052287582
0 0.6044730392156863 0.8558006535947712 0.05575980392156863 0.06290849673202614
0 0.6427696078431373 0.23202614379084968 0.04656862745098039 0.03594771241830065
0 0.8952205882352942 0.6862745098039216 0.04044117647058824 0.03431372549019608