0 0.742953431372549 0.5902777777777778 0.044730392156862746 0.05473856209150327
0 0.8912377450980392 0.12581699346405228 0.03125 0.06209150326797386
0 0.4564950980392157 0.6548202614379085 0.061274509803921566 0.06454248366013073
0 0.08333333333333333 0.5502450980392157 0.05392156862745098 0.04493464052287582
0 0.18596813725490197 0.5416666666666666 0.02389705882352941 0.07679738562091504
0 0.20741421568627452 0.5526960784313726 0.03002450980392157 0.05473856209150327
0 0.8538602941176471 0.670751633986928 0.03860294117647059 0.06209150326797386
0 0.8817401960784313 0.6646241830065359 0.03553921568627451 0.059640522875817
0 0.9255514705882353 0.6683006535947712 0.04840686274509804 0.05228758169934641
0 0.12714460784313725 0.6299019607843137 0.03370098039215686 0.03431372549019608
0 0.9476102941176471 0.0857843137254902 0.06678921568627451 0.05065359477124183