0 0.5269607843137255 0.6940359477124183 0.04044117647058824 0.0661764705882353
0 0.44056372549019607 0.8709150326797386 0.0392156862745098 0.06209150326797386
0 0.0857843137254902 0.5269607843137255 0.025735294117647058 0.05555555555555555
0 0.3483455882352941 0.8558006535947712 0.07169117647058823 0.031862745098039214
0 0.6219362745098039 0.2994281045751634 0.04779411764705882 0.0661764705882353
0 0.539828431372549 0.3570261437908497 0.03799019607843137 0.05228758169934641
0 0.8416053921568627 0.2777777777777778 0.04718137254901961 0.05555555555555555
0 0.5447303921568627 0.4011437908496732 0.012254901960784314 0.016339869281045753
0 0.5701593137254902 0.4325980392156863 0.0508578431372549 0.06290849673202614
0 0.5821078431372549 0.5951797385620915 0.029411764705882353 0.04003267973856209
0 0.3792892156862745 0.2883986928104575 0.0428921568627451 0.07679738562091504
0 0.8520220588235294 0.9399509803921569 0.02022058823529412 0.031862745098039214