0 0.367269 0.567781 0.079917 0.080780
0 0.156359 0.110028 0.051425 0.078923
0 0.037874 0.271123 0.074357 0.064995
0 0.356150 0.157382 0.086866 0.108635
0 0.199792 0.564995 0.125782 0.405757
0 0.185893 0.947075 0.078527 0.072423
0 0.332870 0.847261 0.150104 0.093779
0 0.610841 0.589601 0.058374 0.139276
0 0.835302 0.943361 0.047255 0.076137
0 0.940931 0.961931 0.033356 0.076137
0 0.973593 0.764624 0.052814 0.067781
0 0.979152 0.200093 0.041696 0.155060
0 0.798471 0.232591 0.075052 0.064067
0 0.011119 0.874652 0.020848 0.033426
0 0.643850 0.469824 0.029882 0.111421
0 0.878388 0.634169 0.043085 0.161560
0 0.898193 0.789229 0.053509 0.150418
