0 0.548407 0.319444 0.030637 0.065359
0 0.809743 0.088235 0.049632 0.052288
0 0.863971 0.161765 0.012255 0.016340
0 0.878676 0.195261 0.030637 0.066993
0 0.895221 0.391748 0.067402 0.062908
0 0.168505 0.724265 0.012255 0.015523
0 0.190564 0.751225 0.044118 0.054739
0 0.679841 0.452614 0.027574 0.073529
0 0.517770 0.136846 0.046569 0.064542
0 0.956189 0.082516 0.047181 0.078431
0 0.150123 0.854984 0.031863 0.051471
0 0.470282 0.357843 0.033701 0.104575
0 0.057292 0.744690 0.079044 0.069444
0 0.109988 0.781863 0.064338 0.026144
0 0.325368 0.424837 0.036765 0.078431
0 0.241422 0.353350 0.047794 0.051471
0 0.234988 0.338235 0.022672 0.081699
0 0.693934 0.772876 0.071691 0.019608
0 0.462010 0.271650 0.036765 0.038399
0 0.525735 0.674428 0.022059 0.059641
