0 0.8030024509803921 0.4485294117647059 0.03002450980392157 0.08823529411764706
0 0.828125 0.2945261437908497 0.025122549019607844 0.0727124183006536
0 0.9825367647058824 0.37459150326797386 0.032475490196078434 0.03676470588235294
0 0.9721200980392157 0.8235294117647058 0.0545343137254902 0.0457516339869281
0 0.7858455882352942 0.7022058823529411 0.028799019607843136 0.025326797385620915
0 0.8079044117647058 0.7320261437908496 0.017769607843137254 0.05065359477124183
0 0.5177696078431373 0.9040032679738562 0.02696078431372549 0.09068627450980392
0 0.546875 0.8590686274509803 0.028799019607843136 0.06944444444444445
0 0.2974877450980392 0.9861111111111112 0.052083333333333336 0.026143790849673203
0 0.5857843137254902 0.3002450980392157 0.0821078431372549 0.03676470588235294
0 0.5140931372549019 0.5522875816993464 0.03431372549019608 0.05555555555555555