0 0.5 0.05514705882352941 0.03431372549019608 0.07924836601307189
0 0.38480392156862747 0.2434640522875817 0.029411764705882353 0.05228758169934641
0 0.19975490196078433 0.5514705882352942 0.04534313725490196 0.04084967320261438
0 0.4322916666666667 0.5657679738562091 0.05330882352941176 0.031862745098039214
0 0.5790441176470589 0.4199346405228758 0.03308823529411765 0.05718954248366013
0 0.6764705882352942 0.38357843137254904 0.023284313725490197 0.03839869281045752
0 0.6069240196078431 0.48651960784313725 0.032475490196078434 0.0661764705882353
0 0.8642769607843137 0.43423202614379086 0.02144607843137255 0.08251633986928104
0 0.4025735294117647 0.7573529411764706 0.031862745098039214 0.05718954248366013
0 0.4185049019607843 0.8558006535947712 0.05269607843137255 0.04493464052287582
0 0.7643995098039216 0.6384803921568627 0.02144607843137255 0.0661764705882353
0 0.7723651960784313 0.678921568627451 0.05575980392156863 0.042483660130718956
0 0.8566176470588235 0.14338235294117646 0.031862745098039214 0.02696078431372549
0 0.9589460784313726 0.1388888888888889 0.041666666666666664 0.05228758169934641
0 0.8737745098039216 0.6821895424836601 0.03553921568627451 0.0392156862745098
0 0.7359068627450981 0.6964869281045751 0.03553921568627451 0.03676470588235294