0 0.15226715686274508 0.07148692810457516 0.06433823529411764 0.031862745098039214
0 0.14460784313725492 0.10866013071895425 0.04656862745098039 0.049019607843137254
0 0.27359068627450983 0.12336601307189543 0.03370098039215686 0.05392156862745098
0 0.32046568627450983 0.14787581699346405 0.041666666666666664 0.049019607843137254
0 0.15471813725490197 0.3366013071895425 0.03615196078431373 0.0392156862745098
0 0.22242647058823528 0.3500816993464052 0.05514705882352941 0.028594771241830064
0 0.10845588235294118 0.43709150326797386 0.04534313725490196 0.05392156862745098
0 0.07567401960784313 0.5200163398692811 0.06556372549019608 0.028594771241830064
0 0.1568627450980392 0.4840686274509804 0.03799019607843137 0.07107843137254902
0 0.18198529411764705 0.43423202614379086 0.03553921568627451 0.018790849673202614
0 0.30330882352941174 0.4738562091503268 0.05514705882352941 0.02287581699346405
0 0.3743872549019608 0.7013888888888888 0.03553921568627451 0.07434640522875817
0 0.2533700980392157 0.809640522875817 0.06924019607843138 0.04411764705882353
0 0.6835171568627451 0.2675653594771242 0.02389705882352941 0.06944444444444445
0 0.7745098039215687 0.14910130718954248 0.06985294117647059 0.031862745098039214
0 0.9623161764705882 0.11805555555555555 0.025122549019607844 0.04330065359477124
0 0.3164828431372549 0.3611111111111111 0.06433823529411764 0.06372549019607843
0 0.17034313725490197 0.6797385620915033 0.0428921568627451 0.06699346405228758
0 0.6479779411764706 0.4477124183006536 0.026348039215686275 0.06209150326797386
0 0.35018382352941174 0.5882352941176471 0.02267156862745098 0.05392156862745098
0 0.3893995098039216 0.4452614379084967 0.02022058823529412 0.05065359477124183
0 0.3318014705882353 0.07761437908496732 0.042279411764705885 0.05392156862745098
0 0.7637867647058824 0.5322712418300654 0.027573529411764705 0.07924836601307189
0 0.17892156862745098 0.2536764705882353 0.06985294117647059 0.028594771241830064
0 0.4166666666666667 0.07679738562091504 0.049019607843137254 0.032679738562091505
0 0.7478553921568627 0.0951797385620915 0.03370098039215686 0.035130718954248366
0 0.8792892156862745 0.08455882352941177 0.041666666666666664 0.07434640522875817
0 0.036458333333333336 0.7218137254901961 0.032475490196078434 0.07434640522875817