0 0.4852941176470588 0.7242647058823529 0.025735294117647058 0.06454248366013073
0 0.6142769607843137 0.7826797385620915 0.03370098039215686 0.06209150326797386
0 0.38357843137254904 0.6670751633986928 0.028186274509803922 0.059640522875817
0 0.8452818627450981 0.4881535947712418 0.04105392156862745 0.059640522875817
0 0.4733455882352941 0.4383169934640523 0.02022058823529412 0.06454248366013073
0 0.5076593137254902 0.45302287581699346 0.03370098039215686 0.049836601307189546
0 0.13939950980392157 0.3508986928104575 0.02389705882352941 0.04003267973856209
0 0.22579656862745098 0.12459150326797386 0.044730392156862746 0.049836601307189546
0 0.8324142156862745 0.3190359477124183 0.03002450980392157 0.04003267973856209
0 0.21200980392156862 0.027777777777777776 0.0392156862745098 0.03431372549019608
0 0.5854779411764706 0.9587418300653595 0.0508578431372549 0.06944444444444445
0 0.5655637254901961 0.8468137254901961 0.03676470588235294 0.02369281045751634
0 0.6047794117647058 0.8676470588235294 0.041666666666666664 0.05228758169934641
0 0.5481004901960784 0.22998366013071894 0.028799019607843136 0.06944444444444445
0 0.36795343137254904 0.46486928104575165 0.027573529411764705 0.058823529411764705
0 0.3900122549019608 0.5919117647058824 0.03125 0.05473856209150327
0 0.9387254901960784 0.9709967320261438 0.03431372549019608 0.056372549019607844
0 0.18964460784313725 0.08660130718954248 0.03002450980392157 0.049019607843137254