0 0.20159313725490197 0.04411764705882353 0.04411764705882353 0.05392156862745098
0 0.47671568627450983 0.044526143790849675 0.030637254901960783 0.035130718954248366
0 0.5857843137254902 0.04330065359477124 0.03676470588235294 0.05555555555555555
0 0.2806372549019608 0.09967320261437909 0.06372549019607843 0.05718954248366013
0 0.3737745098039216 0.3541666666666667 0.03676470588235294 0.08088235294117647
0 0.28890931372549017 0.3304738562091503 0.061887254901960786 0.03022875816993464
0 0.14399509803921567 0.47549019607843135 0.03308823529411765 0.05392156862745098
0 0.22303921568627452 0.6315359477124183 0.029411764705882353 0.09313725490196079
0 0.22732843137254902 0.8492647058823529 0.03308823529411765 0.07924836601307189
0 0.22916666666666666 0.9485294117647058 0.04411764705882353 0.05228758169934641
0 0.8609068627450981 0.05310457516339869 0.04044117647058824 0.042483660130718956
0 0.9325980392156863 0.47875816993464054 0.041666666666666664 0.05065359477124183
0 0.7840073529411765 0.7446895424836601 0.025122549019607844 0.028594771241830064
0 0.018995098039215685 0.031862745098039214 0.03553921568627451 0.04084967320261438