0 0.6617647058823529 0.4693627450980392 0.03553921568627451 0.06781045751633986
0 0.40808823529411764 0.1270424836601307 0.05759803921568627 0.04493464052287582
0 0.25980392156862747 0.5763888888888888 0.06740196078431372 0.041666666666666664
0 0.05821078431372549 0.6160130718954249 0.025735294117647058 0.07679738562091504
0 0.08884803921568628 0.8537581699346405 0.06495098039215687 0.029411764705882353
0 0.24019607843137256 0.31781045751633985 0.03553921568627451 0.0718954248366013
0 0.4181985294117647 0.3190359477124183 0.04105392156862745 0.049836601307189546
0 0.47702205882352944 0.5951797385620915 0.02389705882352941 0.059640522875817
0 0.02022058823529412 0.684640522875817 0.03553921568627451 0.08823529411764706
0 0.19883578431372548 0.31862745098039214 0.061887254901960786 0.04738562091503268
0 0.16544117647058823 0.3888888888888889 0.028186274509803922 0.042483660130718956
0 0.4987745098039216 0.7520424836601307 0.031862745098039214 0.06454248366013073