0 0.222335 0.772586 0.120998 0.118128
0 0.258028 0.088119 0.054449 0.059870
0 0.198742 0.200579 0.061712 0.142400
0 0.343333 0.245079 0.048399 0.114884
0 0.391670 0.316274 0.075135 0.254050
0 0.448538 0.468378 0.058198 0.098703
0 0.617384 0.454625 0.047186 0.103559
0 0.846670 0.139092 0.111317 0.135922
0 0.867238 0.780672 0.062918 0.095468
0 0.636743 0.899606 0.081067 0.084143
0 0.927737 0.972456 0.133091 0.055088
0 0.781937 0.798475 0.083486 0.082530
0 0.421372 0.828411 0.032668 0.061492
0 0.266500 0.570320 0.110104 0.153726
0 0.225967 0.459481 0.116161 0.142391
0 0.024657 0.248313 0.049314 0.056627
0 0.095295 0.724045 0.106473 0.296117
0 0.052339 0.823559 0.083486 0.103559
0 0.054155 0.948151 0.045981 0.058248
0 0.147924 0.960287 0.061712 0.079296
0 0.501230 0.111580 0.037512 0.090612
