0 0.19087009803921567 0.41830065359477125 0.032475490196078434 0.08823529411764706
0 0.17034313725490197 0.4824346405228758 0.04534313725490196 0.07434640522875817
0 0.21415441176470587 0.6491013071895425 0.02144607843137255 0.07107843137254902
0 0.5410539215686274 0.5575980392156863 0.05269607843137255 0.028594771241830064
0 0.819546568627451 0.4158496732026144 0.06311274509803921 0.058823529411764705
0 0.5897671568627451 0.39133986928104575 0.026348039215686275 0.05065359477124183
0 0.7441789215686274 0.7900326797385621 0.028799019607843136 0.08333333333333333
0 0.7852328431372549 0.8995098039215687 0.027573529411764705 0.05228758169934641
0 0.9629289215686274 0.9468954248366013 0.018995098039215685 0.06535947712418301
0 0.9096200980392157 0.9534313725490197 0.018995098039215685 0.058823529411764705
0 0.15839460784313725 0.8312908496732027 0.026348039215686275 0.061274509803921566
0 0.9344362745098039 0.6924019607843137 0.025735294117647058 0.041666666666666664