0 0.666667 0.511438 0.045343 0.066993
0 0.388480 0.500408 0.024510 0.074346
0 0.077512 0.625000 0.022672 0.078431
0 0.265625 0.836193 0.033701 0.030229
0 0.212316 0.639706 0.039828 0.071895
0 0.088235 0.444853 0.039216 0.025327
0 0.864277 0.438317 0.027574 0.056373
0 0.634498 0.126225 0.055760 0.036765
0 0.633272 0.750408 0.025123 0.058007
0 0.650429 0.863154 0.026348 0.030229
0 0.085784 0.706699 0.030637 0.066993
0 0.113358 0.702614 0.042892 0.026144
0 0.563419 0.742647 0.049632 0.130719
0 0.511642 0.787990 0.028186 0.108660
