0 0.243873 0.802696 0.060049 0.100490
0 0.537684 0.807190 0.042279 0.049020
0 0.643995 0.711601 0.036765 0.057190
0 0.746017 0.864379 0.030025 0.055556
0 0.695466 0.429330 0.050245 0.035131
0 0.696691 0.406454 0.050245 0.033497
0 0.253983 0.310866 0.044730 0.028595
0 0.731924 0.111520 0.036152 0.067810
0 0.671262 0.073121 0.025123 0.031863
0 0.307598 0.681373 0.039216 0.040850
0 0.897059 0.129902 0.031863 0.031046
0 0.888787 0.235294 0.036152 0.052288
0 0.656863 0.218954 0.024510 0.050654
0 0.690257 0.053922 0.011642 0.083333
0 0.670037 0.041258 0.034926 0.058007
0 0.781863 0.065768 0.023284 0.075980
