0 0.21446078431372548 0.19117647058823528 0.0392156862745098 0.05228758169934641
0 0.16666666666666666 0.08415032679738563 0.03308823529411765 0.06372549019607843
0 0.3014705882352941 0.08088235294117647 0.024509803921568627 0.05718954248366013
0 0.6115196078431373 0.16053921568627452 0.03431372549019608 0.08415032679738563
0 0.8529411764705882 0.37949346405228757 0.06985294117647059 0.04330065359477124
0 0.5257352941176471 0.8905228758169934 0.012254901960784314 0.016339869281045753
0 0.5548406862745098 0.9215686274509803 0.05821078431372549 0.06209150326797386
0 0.27542892156862747 0.946078431372549 0.02267156862745098 0.05718954248366013
0 0.04718137254901961 0.5302287581699346 0.08946078431372549 0.042483660130718956
0 0.23314950980392157 0.46772875816993464 0.044730392156862746 0.031862745098039214
0 0.18137254901960784 0.6160130718954249 0.05392156862745098 0.05228758169934641
0 0.0704656862745098 0.9812091503267973 0.04534313725490196 0.03594771241830065
0 0.850796568627451 0.8043300653594772 0.05821078431372549 0.03676470588235294
0 0.4215686274509804 0.6736111111111112 0.029411764705882353 0.04493464052287582