0 0.7245710784313726 0.7696078431372549 0.027573529411764705 0.0457516339869281
0 0.6712622549019608 0.8120915032679739 0.06066176470588235 0.0457516339869281
0 0.6207107843137255 0.7883986928104575 0.04779411764705882 0.0457516339869281
0 0.43443627450980393 0.6948529411764706 0.0392156862745098 0.04330065359477124
0 0.46660539215686275 0.8439542483660131 0.04840686274509804 0.05228758169934641
0 0.49295343137254904 0.8901143790849673 0.06066176470588235 0.03022875816993464
0 0.1326593137254902 0.7900326797385621 0.08884803921568628 0.049019607843137254
0 0.5707720588235294 0.2332516339869281 0.04963235294117647 0.08251633986928104
0 0.5955882352941176 0.27450980392156865 0.012254901960784314 0.016339869281045753
0 0.11488970588235294 0.184640522875817 0.04840686274509804 0.03594771241830065
0 0.7542892156862745 0.22058823529411764 0.03676470588235294 0.05392156862745098
0 0.9378063725490197 0.01838235294117647 0.02389705882352941 0.03676470588235294
0 0.9004289215686274 0.24509803921568626 0.06066176470588235 0.049019607843137254
0 0.9408700980392157 0.20302287581699346 0.05330882352941176 0.06944444444444445