0 0.5983455882352942 0.025326797385620915 0.027573529411764705 0.049019607843137254
0 0.90625 0.07516339869281045 0.0428921568627451 0.09967320261437909
0 0.7594975490196079 0.22794117647058823 0.03002450980392157 0.06209150326797386
0 0.7653186274509803 0.34354575163398693 0.01838235294117647 0.049836601307189546
0 0.35018382352941174 0.926062091503268 0.02022058823529412 0.07434640522875817
0 0.4730392156862745 0.6695261437908496 0.03553921568627451 0.059640522875817
0 0.5189950980392157 0.19812091503267973 0.03308823529411765 0.0727124183006536
0 0.40441176470588236 0.09640522875816994 0.04656862745098039 0.06699346405228758
0 0.4264705882352941 0.0988562091503268 0.028186274509803922 0.08660130718954248
0 0.33609068627450983 0.25040849673202614 0.026348039215686275 0.09722222222222222
0 0.5551470588235294 0.744281045751634 0.04656862745098039 0.08006535947712418
0 0.6783088235294118 0.7071078431372549 0.028186274509803922 0.059640522875817
0 0.6488970588235294 0.6360294117647058 0.04656862745098039 0.04656862745098039
0 0.6151960784313726 0.5253267973856209 0.05024509803921569 0.06045751633986928
0 0.6115196078431373 0.49060457516339867 0.0392156862745098 0.04003267973856209
0 0.8082107843137255 0.3508986928104575 0.025735294117647058 0.059640522875817
0 0.8376225490196079 0.9611928104575164 0.02696078431372549 0.04330065359477124
0 0.7876838235294118 0.8888888888888888 0.03002450980392157 0.04738562091503268
0 0.7408088235294118 0.5714869281045751 0.03799019607843137 0.02696078431372549
0 0.7123161764705882 0.5657679738562091 0.02389705882352941 0.07598039215686274
0 0.7781862745098039 0.6205065359477124 0.02696078431372549 0.07434640522875817
0 0.7913602941176471 0.6045751633986928 0.02267156862745098 0.049019607843137254
0 0.8042279411764706 0.7050653594771242 0.017769607843137254 0.05065359477124183
0 0.8232230392156863 0.7107843137254902 0.015318627450980392 0.05228758169934641
0 0.6642156862745098 0.7810457516339869 0.041666666666666664 0.05065359477124183
0 0.5260416666666666 0.7818627450980392 0.02267156862745098 0.0457516339869281
0 0.47610294117647056 0.5600490196078431 0.0392156862745098 0.03676470588235294
0 0.44056372549019607 0.6274509803921569 0.02696078431372549 0.09477124183006536
0 0.7797181372549019 0.39624183006535946 0.02144607843137255 0.0196078431372549
0 0.7827818627450981 0.3472222222222222 0.027573529411764705 0.06045751633986928
0 0.6985294117647058 0.04861111111111111 0.03431372549019608 0.07761437908496732