0 0.5021446078431373 0.12622549019607843 0.03370098039215686 0.10212418300653595
0 0.6691176470588235 0.3472222222222222 0.031862745098039214 0.06209150326797386
0 0.9246323529411765 0.3472222222222222 0.024509803921568627 0.0718954248366013
0 0.3443627450980392 0.4456699346405229 0.031862745098039214 0.06454248366013073
0 0.7233455882352942 0.8435457516339869 0.02389705882352941 0.059640522875817
0 0.930453431372549 0.8574346405228758 0.027573529411764705 0.06781045751633986
0 0.5245098039215687 0.8872549019607843 0.06372549019607843 0.05228758169934641
0 0.6617647058823529 0.5490196078431373 0.03553921568627451 0.04738562091503268
0 0.44056372549019607 0.7393790849673203 0.031862745098039214 0.06862745098039216
0 0.8250612745098039 0.6348039215686274 0.02389705882352941 0.06535947712418301
0 0.5493259803921569 0.1053921568627451 0.052083333333333336 0.06209150326797386