0 0.34068627450980393 0.45179738562091504 0.05392156862745098 0.04738562091503268
0 0.5131740196078431 0.26062091503267976 0.04840686274509804 0.042483660130718956
0 0.33026960784313725 0.11274509803921569 0.012254901960784314 0.016339869281045753
0 0.35079656862745096 0.14869281045751634 0.04105392156862745 0.0718954248366013
0 0.4675245098039216 0.1744281045751634 0.061274509803921566 0.035130718954248366
0 0.9341299019607843 0.41830065359477125 0.05821078431372549 0.049019607843137254
0 0.8844975490196079 0.8125 0.026348039215686275 0.0923202614379085
0 0.4693627450980392 0.5861928104575164 0.028186274509803922 0.08251633986928104
0 0.09436274509803921 0.43709150326797386 0.028186274509803922 0.032679738562091505
0 0.29963235294117646 0.27532679738562094 0.024509803921568627 0.06699346405228758
0 0.24908088235294118 0.6662581699346405 0.02267156862745098 0.06781045751633986
0 0.14583333333333334 0.034722222222222224 0.04656862745098039 0.06944444444444445
0 0.2426470588235294 0.13725490196078433 0.0428921568627451 0.042483660130718956
0 0.8630514705882353 0.684640522875817 0.044730392156862746 0.04411764705882353