0 0.11825980392156862 0.1919934640522876 0.03431372549019608 0.06045751633986928
0 0.20588235294117646 0.19852941176470587 0.04779411764705882 0.05228758169934641
0 0.2659313725490196 0.16666666666666666 0.041666666666666664 0.05718954248366013
0 0.2622549019607843 0.21323529411764705 0.029411764705882353 0.0457516339869281
0 0.3746936274509804 0.494281045751634 0.018995098039215685 0.04738562091503268
0 0.5330882352941176 0.5563725490196079 0.07230392156862746 0.04738562091503268
0 0.6029411764705882 0.7794117647058824 0.03553921568627451 0.05392156862745098
0 0.46200980392156865 0.8827614379084967 0.041666666666666664 0.059640522875817
0 0.38480392156862747 0.8872549019607843 0.0392156862745098 0.04738562091503268
0 0.2604166666666667 0.9256535947712419 0.04044117647058824 0.04411764705882353
0 0.4488357843137255 0.9836601307189542 0.05821078431372549 0.03104575163398693
0 0.8314950980392157 0.7352941176470589 0.03676470588235294 0.05718954248366013
0 0.90625 0.9444444444444444 0.03676470588235294 0.06699346405228758
0 0.7365196078431373 0.8059640522875817 0.02696078431372549 0.07761437908496732
0 0.7092524509803921 0.11233660130718955 0.03002450980392157 0.0857843137254902
0 0.711703431372549 0.18055555555555555 0.02022058823529412 0.04738562091503268
0 0.7512254901960784 0.20506535947712418 0.04779411764705882 0.08986928104575163
0 0.7870710784313726 0.2152777777777778 0.03125 0.08905228758169935
0 0.9528186274509803 0.4125816993464052 0.051470588235294115 0.058823529411764705
0 0.7212009803921569 0.39869281045751637 0.03431372549019608 0.0392156862745098
0 0.7288602941176471 0.45016339869281047 0.04718137254901961 0.05718954248366013
0 0.3627450980392157 0.1736111111111111 0.03553921568627451 0.03022875816993464
0 0.5462622549019608 0.1454248366013072 0.032475490196078434 0.05065359477124183
0 0.5842524509803921 0.14950980392156862 0.04840686274509804 0.058823529411764705
0 0.9261642156862745 0.08496732026143791 0.0545343137254902 0.042483660130718956
0 0.7239583333333334 0.6266339869281046 0.05698529411764706 0.049019607843137254
0 0.2193627450980392 0.031862745098039214 0.04656862745098039 0.04411764705882353