0 0.7947303921568627 0.42606209150326796 0.03431372549019608 0.0727124183006536
0 0.8572303921568627 0.3075980392156863 0.03308823529411765 0.0857843137254902
0 0.9742647058823529 0.4803921568627451 0.04656862745098039 0.06045751633986928
0 0.7276348039215687 0.7495915032679739 0.07169117647058823 0.04820261437908497
0 0.8553921568627451 0.8794934640522876 0.041666666666666664 0.059640522875817
0 0.8079044117647058 0.931781045751634 0.06311274509803921 0.041666666666666664
0 0.8838848039215687 0.9620098039215687 0.037377450980392156 0.06290849673202614
0 0.5612745098039216 0.9730392156862745 0.0428921568627451 0.04411764705882353
0 0.20404411764705882 0.4411764705882353 0.05392156862745098 0.0392156862745098
0 0.21292892156862744 0.47630718954248363 0.03125 0.05228758169934641
0 0.09466911764705882 0.0951797385620915 0.05330882352941176 0.08251633986928104
0 0.043198529411764705 0.6695261437908496 0.061887254901960786 0.04330065359477124
0 0.2643995098039216 0.6266339869281046 0.02267156862745098 0.05228758169934641
0 0.30269607843137253 0.633578431372549 0.04656862745098039 0.028594771241830064
0 0.25735294117647056 0.4325980392156863 0.03676470588235294 0.0661764705882353
0 0.8161764705882353 0.0494281045751634 0.03431372549019608 0.07924836601307189