0 0.8670343137254902 0.7593954248366013 0.020833333333333332 0.06454248366013073
0 0.5732230392156863 0.5902777777777778 0.03002450980392157 0.04493464052287582
0 0.9742647058823529 0.6621732026143791 0.029411764705882353 0.08905228758169935
0 0.37806372549019607 0.3410947712418301 0.028186274509803922 0.06454248366013073
0 0.9693627450980392 0.1548202614379085 0.031862745098039214 0.06454248366013073
0 0.7567401960784313 0.7393790849673203 0.024509803921568627 0.08986928104575163
0 0.6271446078431373 0.2426470588235294 0.04840686274509804 0.04738562091503268
0 0.4178921568627451 0.7434640522875817 0.04411764705882353 0.06045751633986928
0 0.20741421568627452 0.8496732026143791 0.02267156862745098 0.05392156862745098
0 0.3918504901960784 0.17116013071895425 0.034926470588235295 0.035130718954248366
0 0.9466911764705882 0.24632352941176472 0.03431372549019608 0.03676470588235294