0 0.1565563725490196 0.610702614379085 0.027573529411764705 0.03022875816993464
0 0.19209558823529413 0.6139705882352942 0.04840686274509804 0.04003267973856209
0 0.12683823529411764 0.886437908496732 0.051470588235294115 0.0457516339869281
0 0.3014705882352941 0.8296568627450981 0.02696078431372549 0.05800653594771242
0 0.7294730392156863 0.7826797385620915 0.04840686274509804 0.04738562091503268
0 0.8612132352941176 0.8827614379084967 0.05330882352941176 0.06944444444444445
0 0.6792279411764706 0.26633986928104575 0.06066176470588235 0.05718954248366013
0 0.6899509803921569 0.10947712418300654 0.03431372549019608 0.04084967320261438
0 0.23314950980392157 0.136437908496732 0.03370098039215686 0.09477124183006536
0 0.03278186274509804 0.1613562091503268 0.027573529411764705 0.0727124183006536
0 0.029411764705882353 0.10130718954248366 0.029411764705882353 0.03758169934640523
0 0.33762254901960786 0.5575980392156863 0.0784313725490196 0.031862745098039214
0 0.5600490196078431 0.09272875816993464 0.04534313725490196 0.061274509803921566
0 0.5297181372549019 0.21854575163398693 0.034926470588235295 0.08251633986928104
0 0.6878063725490197 0.1323529411764706 0.05330882352941176 0.05228758169934641
0 0.9286151960784313 0.04125816993464052 0.05943627450980392 0.04493464052287582
0 0.6568627450980392 0.9754901960784313 0.03431372549019608 0.032679738562091505
0 0.7974877450980392 0.17279411764705882 0.05943627450980392 0.03839869281045752
0 0.014399509803921568 0.9146241830065359 0.028799019607843136 0.0857843137254902