0 0.40379901960784315 0.5453431372549019 0.07475490196078431 0.03839869281045752
0 0.46078431372549017 0.35171568627450983 0.041666666666666664 0.04493464052287582
0 0.39950980392156865 0.7479575163398693 0.030637254901960783 0.0727124183006536
0 0.42034313725490197 0.6466503267973857 0.041666666666666664 0.059640522875817
0 0.7276348039215687 0.6266339869281046 0.028799019607843136 0.05228758169934641
0 0.6378676470588235 0.6744281045751634 0.029411764705882353 0.07434640522875817
0 0.2539828431372549 0.9342320261437909 0.032475490196078434 0.08088235294117647
0 0.06311274509803921 0.9415849673202614 0.04534313725490196 0.035130718954248366
0 0.3489583333333333 0.8897058823529411 0.04595588235294118 0.0392156862745098
0 0.5992647058823529 0.8137254901960784 0.023284313725490197 0.06535947712418301
0 0.21599264705882354 0.05228758169934641 0.025122549019607844 0.05392156862745098
0 0.7359068627450981 0.13316993464052287 0.08823529411764706 0.03758169934640523
0 0.5594362745098039 0.0959967320261438 0.022058823529411766 0.06781045751633986
0 0.6973039215686274 0.1940359477124183 0.024509803921568627 0.09722222222222222
0 0.7049632352941176 0.05024509803921569 0.02389705882352941 0.07761437908496732
0 0.7276348039215687 0.08047385620915033 0.028799019607843136 0.07598039215686274
0 0.696078431372549 0.795751633986928 0.029411764705882353 0.04738562091503268
0 0.9077818627450981 0.6687091503267973 0.017769607843137254 0.08905228758169935
0 0.9390318627450981 0.5187908496732027 0.02389705882352941 0.058823529411764705