0 0.15012254901960784 0.13848039215686275 0.04044117647058824 0.07107843137254902
0 0.2613357843137255 0.1854575163398693 0.02022058823529412 0.05392156862745098
0 0.28952205882352944 0.18382352941176472 0.05575980392156863 0.07026143790849673
0 0.13388480392156862 0.4485294117647059 0.02267156862745098 0.05065359477124183
0 0.15012254901960784 0.4019607843137255 0.03799019607843137 0.058823529411764705
0 0.01838235294117647 0.4554738562091503 0.03676470588235294 0.07107843137254902
0 0.36090686274509803 0.6433823529411765 0.02696078431372549 0.0923202614379085
0 0.3633578431372549 0.7197712418300654 0.03676470588235294 0.04738562091503268
0 0.6170343137254902 0.7606209150326797 0.03799019607843137 0.03104575163398693
0 0.33700980392156865 0.8325163398692811 0.031862745098039214 0.058823529411764705
0 0.4108455882352941 0.9223856209150327 0.037377450980392156 0.10130718954248366
0 0.7738970588235294 0.7916666666666666 0.04044117647058824 0.058823529411764705
0 0.9332107843137255 0.8296568627450981 0.03799019607843137 0.07434640522875817
0 0.9693627450980392 0.16830065359477125 0.029411764705882353 0.05065359477124183
0 0.9871323529411765 0.20261437908496732 0.024509803921568627 0.04738562091503268