0 0.3792892156862745 0.17279411764705882 0.03308823529411765 0.09558823529411764
0 0.38112745098039214 0.33986928104575165 0.056372549019607844 0.0718954248366013
0 0.23131127450980393 0.6348039215686274 0.02267156862745098 0.0457516339869281
0 0.25796568627450983 0.5751633986928104 0.03308823529411765 0.04738562091503268
0 0.07261029411764706 0.6928104575163399 0.02389705882352941 0.05718954248366013
0 0.1488970588235294 0.9648692810457516 0.030637254901960783 0.06045751633986928
0 0.3446691176470588 0.8533496732026143 0.02389705882352941 0.09722222222222222
0 0.48161764705882354 0.7258986928104575 0.04534313725490196 0.0661764705882353
0 0.7107843137254902 0.8227124183006536 0.03553921568627451 0.05392156862745098
0 0.6277573529411765 0.9726307189542484 0.03370098039215686 0.05310457516339869
0 0.9065563725490197 0.5890522875816994 0.027573529411764705 0.10620915032679738
0 0.6991421568627451 0.5706699346405228 0.030637254901960783 0.0661764705882353
0 0.3443627450980392 0.5490196078431373 0.04411764705882353 0.03594771241830065
0 0.9387254901960784 0.2994281045751634 0.04656862745098039 0.041666666666666664
0 0.24846813725490197 0.14338235294117646 0.04963235294117647 0.04330065359477124
0 0.4019607843137255 0.5285947712418301 0.025735294117647058 0.0392156862745098
0 0.017463235294117647 0.8619281045751634 0.027573529411764705 0.06045751633986928