0 0.340309 0.394754 0.050924 0.073791
0 0.526549 0.433587 0.091667 0.120389
0 0.279934 0.817081 0.093118 0.145635
0 0.050486 0.524852 0.100972 0.100973
0 0.027934 0.649124 0.055868 0.093207
0 0.556375 0.796696 0.128042 0.132039
0 0.438521 0.748151 0.096028 0.120380
0 0.823361 0.101548 0.082931 0.085431
0 0.685139 0.156891 0.100389 0.145626
0 0.750611 0.280190 0.059653 0.100973
0 0.954306 0.736501 0.059653 0.166997
0 0.876465 0.766599 0.078569 0.149509
0 0.754250 0.917085 0.128042 0.100973
0 0.661858 0.757864 0.056743 0.139805
0 0.293753 0.312229 0.050924 0.130093
0 0.378872 0.887956 0.075660 0.081548
0 0.808813 0.576302 0.077111 0.064078
0 0.941212 0.528735 0.036368 0.069907
