0 0.2922794117647059 0.11968954248366014 0.031862745098039214 0.059640522875817
0 0.6001838235294118 0.2630718954248366 0.061887254901960786 0.05718954248366013
0 0.6681985294117647 0.22058823529411764 0.044730392156862746 0.042483660130718956
0 0.7913602941176471 0.0727124183006536 0.025122549019607844 0.06045751633986928
0 0.5318627450980392 0.8018790849673203 0.0392156862745098 0.028594771241830064
0 0.6348039215686274 0.8321078431372549 0.0428921568627451 0.028594771241830064
0 0.017463235294117647 0.4881535947712418 0.034926470588235295 0.028594771241830064
0 0.22058823529411764 0.6531862745098039 0.07965686274509803 0.028594771241830064
0 0.14522058823529413 0.9791666666666666 0.03308823529411765 0.04003267973856209
0 0.5588235294117647 0.34558823529411764 0.05514705882352941 0.05718954248366013
0 0.32169117647058826 0.42892156862745096 0.031862745098039214 0.05555555555555555
0 0.5321691176470589 0.0559640522875817 0.02022058823529412 0.02369281045751634
0 0.5487132352941176 0.029411764705882353 0.027573529411764705 0.03594771241830065
0 0.5600490196078431 0.011029411764705883 0.025735294117647058 0.022058823529411766