0 0.788555 0.789438 0.133672 0.237417
0 0.404852 0.564260 0.100359 0.115104
0 0.359523 0.653469 0.085266 0.103604
0 0.027875 0.846281 0.055750 0.066188
0 0.377336 0.322531 0.084172 0.092104
0 0.705391 0.090875 0.060438 0.118000
0 0.353586 0.048427 0.073391 0.090646
0 0.421039 0.041844 0.059359 0.083687
0 0.018164 0.201667 0.036328 0.051792
0 0.258625 0.079250 0.097125 0.158500
0 0.029492 0.445552 0.058984 0.145313
0 0.446492 0.135125 0.035172 0.107042
0 0.258805 0.197896 0.080203 0.076625
0 0.186516 0.196229 0.067281 0.077042
