0 0.417450 0.953040 0.044892 0.093920
0 0.077116 0.712715 0.046101 0.059870
0 0.167509 0.717572 0.059451 0.076052
0 0.621890 0.747502 0.053384 0.058248
0 0.533926 0.955468 0.064309 0.089064
0 0.532106 0.584073 0.172286 0.203883
0 0.716529 0.219995 0.046108 0.064717
0 0.971324 0.597020 0.043676 0.100324
0 0.040716 0.187632 0.063085 0.077674
0 0.018537 0.252359 0.037074 0.055023
0 0.562439 0.378573 0.046101 0.103559
0 0.370132 0.234560 0.074010 0.058258
0 0.527255 0.203814 0.097067 0.090612
0 0.536352 0.045241 0.074010 0.051779
0 0.888214 0.876145 0.071591 0.069583
0 0.739583 0.584884 0.060667 0.076052
