0 0.5542279411764706 0.18382352941176472 0.016544117647058824 0.04084967320261438
0 0.3863357843137255 0.12295751633986927 0.04963235294117647 0.08088235294117647
0 0.34129901960784315 0.04044117647058824 0.04534313725490196 0.08088235294117647
0 0.04411764705882353 0.4150326797385621 0.028186274509803922 0.05065359477124183
0 0.057291666666666664 0.5420751633986928 0.026348039215686275 0.0661764705882353
0 0.09926470588235294 0.6360294117647058 0.03431372549019608 0.03349673202614379
0 0.25704656862745096 0.6605392156862745 0.04963235294117647 0.07924836601307189
0 0.19914215686274508 0.46200980392156865 0.03431372549019608 0.07761437908496732
0 0.4178921568627451 0.5163398692810458 0.029411764705882353 0.10130718954248366
0 0.45588235294117646 0.6172385620915033 0.03431372549019608 0.06781045751633986
0 0.5879289215686274 0.9281045751633987 0.032475490196078434 0.06209150326797386
0 0.7977941176470589 0.31699346405228757 0.05269607843137255 0.04411764705882353
0 0.7270220588235294 0.6956699346405228 0.04595588235294118 0.041666666666666664