0 0.17555147058823528 0.05718954248366013 0.032475490196078434 0.04738562091503268
0 0.04411764705882353 0.06658496732026144 0.03799019607843137 0.04820261437908497
0 0.6207107843137255 0.08006535947712418 0.0428921568627451 0.042483660130718956
0 0.7334558823529411 0.10212418300653595 0.03799019607843137 0.049019607843137254
0 0.8020833333333334 0.4166666666666667 0.0392156862745098 0.04084967320261438
0 0.8851102941176471 0.3382352941176471 0.032475490196078434 0.0392156862745098
0 0.6415441176470589 0.7851307189542484 0.041666666666666664 0.05555555555555555
0 0.6838235294117647 0.9015522875816994 0.07352941176470588 0.035130718954248366
0 0.09221813725490197 0.7299836601307189 0.0508578431372549 0.02696078431372549
0 0.2552083333333333 0.6601307189542484 0.03002450980392157 0.042483660130718956
0 0.7971813725490197 0.8406862745098039 0.04656862745098039 0.05555555555555555
0 0.9653799019607843 0.47467320261437906 0.04718137254901961 0.05228758169934641