0 0.3958333333333333 0.004901960784313725 0.012254901960784314 0.00980392156862745
0 0.4059436274509804 0.026143790849673203 0.02022058823529412 0.049019607843137254
0 0.4638480392156863 0.14705882352941177 0.0428921568627451 0.05718954248366013
0 0.7674632352941176 0.08700980392156862 0.025122549019607844 0.07598039215686274
0 0.7959558823529411 0.5555555555555556 0.07230392156862746 0.03594771241830065
0 0.42800245098039214 0.40645424836601307 0.028799019607843136 0.05473856209150327
0 0.44699754901960786 0.49387254901960786 0.04963235294117647 0.07434640522875817
0 0.32046568627450983 0.8521241830065359 0.029411764705882353 0.05228758169934641
0 0.08455882352941177 0.5580065359477124 0.04534313725490196 0.05392156862745098
0 0.6421568627450981 0.7969771241830066 0.0784313725490196 0.041666666666666664
0 0.7162990196078431 0.7949346405228758 0.029411764705882353 0.05555555555555555
0 0.47855392156862747 0.5490196078431373 0.03676470588235294 0.06535947712418301
0 0.5726102941176471 0.2589869281045752 0.04840686274509804 0.0457516339869281