0 0.39246323529411764 0.2638888888888889 0.04718137254901961 0.05555555555555555
0 0.31862745098039214 0.0857843137254902 0.04534313725490196 0.04411764705882353
0 0.20404411764705882 0.42320261437908496 0.06740196078431372 0.05392156862745098
0 0.22426470588235295 0.5919117647058824 0.03431372549019608 0.06454248366013073
0 0.17310049019607843 0.5306372549019608 0.04350490196078431 0.0727124183006536
0 0.7858455882352942 0.4056372549019608 0.04718137254901961 0.03839869281045752
0 0.0974264705882353 0.21568627450980393 0.012254901960784314 0.016339869281045753
0 0.11887254901960784 0.24183006535947713 0.0428921568627451 0.05228758169934641
0 0.3783700980392157 0.07598039215686274 0.02144607843137255 0.05392156862745098
0 0.41329656862745096 0.07598039215686274 0.06066176470588235 0.06045751633986928
0 0.16053921568627452 0.03390522875816993 0.04534313725490196 0.06781045751633986
0 0.11550245098039216 0.13970588235294118 0.05943627450980392 0.05392156862745098
0 0.12683823529411764 0.0428921568627451 0.03431372549019608 0.041666666666666664
0 0.3952205882352941 0.3954248366013072 0.0392156862745098 0.05555555555555555
0 0.4371936274509804 0.38562091503267976 0.05575980392156863 0.0457516339869281
0 0.9515931372549019 0.28145424836601307 0.03676470588235294 0.03349673202614379