0 0.5759803921568627 0.3112745098039216 0.04656862745098039 0.0392156862745098
0 0.5741421568627451 0.3872549019607843 0.031862745098039214 0.03758169934640523
0 0.9473039215686274 0.5526960784313726 0.04656862745098039 0.059640522875817
0 0.7110906862745098 0.5575980392156863 0.04105392156862745 0.07434640522875817
0 0.569546568627451 0.6450163398692811 0.04840686274509804 0.04493464052287582
0 0.9126838235294118 0.9493464052287581 0.044730392156862746 0.04738562091503268
0 0.8005514705882353 0.9591503267973857 0.044730392156862746 0.06699346405228758
0 0.6973039215686274 0.8190359477124183 0.031862745098039214 0.07924836601307189
0 0.6354166666666666 0.8962418300653595 0.03553921568627451 0.10457516339869281
0 0.5916053921568627 0.8933823529411765 0.026348039215686275 0.09395424836601307
0 0.21384803921568626 0.2540849673202614 0.024509803921568627 0.029411764705882353
0 0.12990196078431374 0.16952614379084968 0.05759803921568627 0.04493464052287582
0 0.21752450980392157 0.1919934640522876 0.020833333333333332 0.049019607843137254
0 0.4647671568627451 0.2863562091503268 0.03370098039215686 0.04493464052287582
0 0.33609068627450983 0.6683006535947712 0.0741421568627451 0.06209150326797386
0 0.0744485294117647 0.9191176470588235 0.07536764705882353 0.05718954248366013
0 0.17677696078431374 0.9477124183006536 0.10110294117647059 0.04411764705882353
0 0.44424019607843135 0.15604575163398693 0.049019607843137254 0.042483660130718956