0 0.24295343137254902 0.6605392156862745 0.044730392156862746 0.03349673202614379
0 0.22058823529411764 0.45016339869281047 0.05024509803921569 0.049019607843137254
0 0.6501225490196079 0.7214052287581699 0.030637254901960783 0.06699346405228758
0 0.7408088235294118 0.46977124183006536 0.03676470588235294 0.05392156862745098
0 0.3321078431372549 0.23243464052287582 0.05024509803921569 0.03839869281045752
0 0.8425245098039216 0.673202614379085 0.0428921568627451 0.058823529411764705
0 0.5968137254901961 0.5065359477124183 0.04779411764705882 0.04738562091503268
0 0.6409313725490197 0.42606209150326796 0.03676470588235294 0.02369281045751634
0 0.9509803921568627 0.6401143790849673 0.0625 0.03022875816993464
0 0.5520833333333334 0.9309640522875817 0.041666666666666664 0.02696078431372549
0 0.7294730392156863 0.5935457516339869 0.02267156862745098 0.06781045751633986
0 0.10600490196078431 0.031862745098039214 0.03553921568627451 0.06045751633986928