0 0.2110906862745098 0.4068627450980392 0.02267156862745098 0.05718954248366013
0 0.4322916666666667 0.18055555555555555 0.02022058823529412 0.05718954248366013
0 0.5076593137254902 0.24673202614379086 0.026348039215686275 0.04411764705882353
0 0.5750612745098039 0.6854575163398693 0.044730392156862746 0.04738562091503268
0 0.7772671568627451 0.6384803921568627 0.02389705882352941 0.05800653594771242
0 0.09650735294117647 0.9660947712418301 0.02022058823529412 0.0661764705882353
0 0.16084558823529413 0.951797385620915 0.04840686274509804 0.06699346405228758
0 0.46109068627450983 0.7107843137254902 0.03002450980392157 0.06209150326797386
0 0.5137867647058824 0.4305555555555556 0.02389705882352941 0.05228758169934641
0 0.5297181372549019 0.4256535947712418 0.025122549019607844 0.05228758169934641
0 0.48192401960784315 0.5212418300653595 0.02267156862745098 0.10784313725490197
0 0.4568014705882353 0.6237745098039216 0.02144607843137255 0.07434640522875817