0 0.7904411764705882 0.8051470588235294 0.03553921568627451 0.0923202614379085
0 0.9044117647058824 0.7544934640522876 0.028186274509803922 0.059640522875817
0 0.8863357843137255 0.6523692810457516 0.03370098039215686 0.03022875816993464
0 0.8817401960784313 0.573937908496732 0.03553921568627451 0.031862745098039214
0 0.9108455882352942 0.5428921568627451 0.03002450980392157 0.049836601307189546
0 0.6375612745098039 0.33619281045751637 0.05821078431372549 0.03022875816993464
0 0.7009803921568627 0.5163398692810458 0.05024509803921569 0.03758169934640523
0 0.6366421568627451 0.18178104575163398 0.01838235294117647 0.04493464052287582
0 0.4730392156862745 0.17197712418300654 0.03553921568627451 0.05473856209150327
0 0.37714460784313725 0.5077614379084967 0.04840686274509804 0.035130718954248366
0 0.5104166666666666 0.4395424836601307 0.0428921568627451 0.09640522875816994
0 0.37254901960784315 0.03553921568627451 0.024509803921568627 0.06454248366013073
0 0.016237745098039217 0.4485294117647059 0.032475490196078434 0.03758169934640523
0 0.9558823529411765 0.6290849673202614 0.028186274509803922 0.07352941176470588