0 0.6127450980392157 0.6233660130718954 0.024509803921568627 0.05065359477124183
0 0.6323529411764706 0.6045751633986928 0.03553921568627451 0.04084967320261438
0 0.9540441176470589 0.5935457516339869 0.03308823529411765 0.0727124183006536
0 0.7567401960784313 0.3627450980392157 0.03553921568627451 0.049019607843137254
0 0.8330269607843137 0.27941176470588236 0.02144607843137255 0.06209150326797386
0 0.4684436274509804 0.15645424836601307 0.044730392156862746 0.0727124183006536
0 0.5367647058823529 0.9097222222222222 0.031862745098039214 0.06944444444444445
0 0.49203431372549017 0.9526143790849673 0.04044117647058824 0.04411764705882353
0 0.3783700980392157 0.3880718954248366 0.03125 0.049019607843137254
0 0.5456495098039216 0.335375816993464 0.03982843137254902 0.028594771241830064
0 0.6280637254901961 0.42401960784313725 0.02696078431372549 0.05392156862745098
0 0.5891544117647058 0.46282679738562094 0.02267156862745098 0.06454248366013073
0 0.5729166666666666 0.48570261437908496 0.04044117647058824 0.03839869281045752
0 0.6109068627450981 0.5522875816993464 0.03553921568627451 0.03431372549019608
0 0.4721200980392157 0.7753267973856209 0.011642156862745098 0.03758169934640523
0 0.20128676470588236 0.2589869281045752 0.018995098039215685 0.049019607843137254
0 0.11856617647058823 0.4084967320261438 0.02144607843137255 0.04738562091503268
0 0.27879901960784315 0.1315359477124183 0.030637254901960783 0.04084967320261438
0 0.7536764705882353 0.16625816993464052 0.030637254901960783 0.0661764705882353
0 0.6455269607843137 0.377859477124183 0.0741421568627451 0.04330065359477124
0 0.5416666666666666 0.7724673202614379 0.02696078431372549 0.061274509803921566
0 0.5177696078431373 0.7773692810457516 0.029411764705882353 0.05800653594771242
0 0.49050245098039214 0.7933006535947712 0.03002450980392157 0.0392156862745098
0 0.5588235294117647 0.9648692810457516 0.05269607843137255 0.06862745098039216
0 0.96875 0.23937908496732027 0.0428921568627451 0.05718954248366013