0 0.19914215686274508 0.13602941176470587 0.028186274509803922 0.0923202614379085
0 0.5692401960784313 0.7426470588235294 0.025735294117647058 0.05718954248366013
0 0.32046568627450983 0.5016339869281046 0.028186274509803922 0.07679738562091504
0 0.13357843137254902 0.5674019607843137 0.0392156862745098 0.07924836601307189
0 0.9693627450980392 0.2569444444444444 0.024509803921568627 0.05473856209150327
0 0.3918504901960784 0.7937091503267973 0.03002450980392157 0.07598039215686274
0 0.058823529411764705 0.9444444444444444 0.0392156862745098 0.06372549019607843
0 0.4944852941176471 0.14011437908496732 0.0428921568627451 0.04330065359477124
0 0.49203431372549017 0.08415032679738563 0.012254901960784314 0.016339869281045753
0 0.5088848039215687 0.1053921568627451 0.03370098039215686 0.042483660130718956
0 0.9862132352941176 0.6323529411764706 0.025122549019607844 0.11437908496732026
0 0.6746323529411765 0.5371732026143791 0.04411764705882353 0.059640522875817
0 0.5343137254901961 0.5302287581699346 0.04656862745098039 0.05555555555555555
0 0.8118872549019608 0.7124183006535948 0.03553921568627451 0.06862745098039216