0 0.4375 0.6560457516339869 0.04779411764705882 0.06372549019607843
0 0.12071078431372549 0.8827614379084967 0.0392156862745098 0.06290849673202614
0 0.5355392156862745 0.5731209150326797 0.04656862745098039 0.08415032679738563
0 0.7068014705882353 0.23284313725490197 0.025122549019607844 0.06699346405228758
0 0.6599264705882353 0.397875816993464 0.025735294117647058 0.04738562091503268
0 0.5986519607843137 0.046977124183006536 0.041666666666666664 0.07434640522875817
0 0.3400735294117647 0.2806372549019608 0.0428921568627451 0.035130718954248366
0 0.40900735294117646 0.08946078431372549 0.06433823529411764 0.02696078431372549
0 0.20802696078431374 0.9325980392156863 0.052083333333333336 0.05800653594771242
0 0.2818627450980392 0.9791666666666666 0.025735294117647058 0.04003267973856209
0 0.4371936274509804 0.0363562091503268 0.02022058823529412 0.0727124183006536
0 0.3336397058823529 0.46282679738562094 0.06801470588235294 0.035130718954248366