0 0.5628063725490197 0.3415032679738562 0.025122549019607844 0.05228758169934641
0 0.3400735294117647 0.3035130718954248 0.03308823529411765 0.05800653594771242
0 0.36213235294117646 0.5437091503267973 0.0625 0.0661764705882353
0 0.7340686274509803 0.5857843137254902 0.049019607843137254 0.05228758169934641
0 0.20036764705882354 0.8051470588235294 0.03676470588235294 0.035130718954248366
0 0.24019607843137256 0.8112745098039216 0.04534313725490196 0.04411764705882353
0 0.07567401960784313 0.9276960784313726 0.037377450980392156 0.03349673202614379
0 0.35079656862745096 0.6981209150326797 0.06433823529411764 0.04330065359477124
0 0.28952205882352944 0.8660130718954249 0.025122549019607844 0.06209150326797386
0 0.22549019607843138 0.289624183006536 0.03676470588235294 0.07924836601307189
0 0.8376225490196079 0.2847222222222222 0.041666666666666664 0.03022875816993464
0 0.5551470588235294 0.5629084967320261 0.0428921568627451 0.05065359477124183
0 0.5569852941176471 0.8370098039215687 0.029411764705882353 0.08251633986928104