0 0.662071 0.861520 0.028799 0.040033
0 0.391238 0.663807 0.016544 0.051471
0 0.219056 0.735703 0.018995 0.053105
0 0.089461 0.541258 0.036765 0.046569
0 0.189032 0.503268 0.055760 0.034314
0 0.736520 0.897876 0.035539 0.083333
0 0.795037 0.772876 0.021446 0.089869
0 0.621324 0.676471 0.022059 0.065359
0 0.171569 0.827614 0.037990 0.083333
0 0.518382 0.768382 0.040441 0.028595
0 0.493873 0.763480 0.044118 0.102124
0 0.359069 0.615605 0.037990 0.074346
0 0.242647 0.745507 0.045343 0.030229
0 0.661765 0.930964 0.036765 0.090686
0 0.811887 0.968137 0.033088 0.053922
0 0.159314 0.494690 0.080882 0.079248
0 0.774510 0.491422 0.044118 0.035131
0 0.291973 0.957925 0.043505 0.071078
0 0.249081 0.663399 0.053309 0.027778
0 0.096814 0.705882 0.041667 0.068627
0 0.056066 0.745915 0.059436 0.049020
0 0.020527 0.783905 0.039828 0.041667
0 0.155025 0.748366 0.093137 0.122549
0 0.719669 0.599673 0.110907 0.124183
0 0.720588 0.461601 0.055147 0.062092
0 0.140012 0.638889 0.043505 0.153595
0 0.544118 0.843954 0.093137 0.111111
0 0.349571 0.906046 0.045956 0.049020
