0 0.16881127450980393 0.3464052287581699 0.0545343137254902 0.05228758169934641
0 0.5349264705882353 0.1744281045751634 0.03553921568627451 0.07598039215686274
0 0.7181372549019608 0.19934640522875818 0.04779411764705882 0.05718954248366013
0 0.7061887254901961 0.27124183006535946 0.028799019607843136 0.05392156862745098
0 0.9880514705882353 0.3366013071895425 0.02144607843137255 0.042483660130718956
0 0.9840686274509803 0.5261437908496732 0.030637254901960783 0.03758169934640523
0 0.7591911764705882 0.8178104575163399 0.049019607843137254 0.04738562091503268
0 0.9298406862745098 0.9191176470588235 0.018995098039215685 0.05392156862745098
0 0.8602941176470589 0.8296568627450981 0.041666666666666664 0.08088235294117647
0 0.6669730392156863 0.8549836601307189 0.03370098039215686 0.07107843137254902
0 0.5575980392156863 0.9391339869281046 0.03308823529411765 0.07107843137254902
0 0.5416666666666666 0.8398692810457516 0.0392156862745098 0.03758169934640523
0 0.5379901960784313 0.32965686274509803 0.0625 0.04493464052287582
0 0.48743872549019607 0.026143790849673203 0.03370098039215686 0.05228758169934641
0 0.6816789215686274 0.684640522875817 0.0508578431372549 0.03758169934640523
0 0.8174019607843137 0.6433823529411765 0.051470588235294115 0.041666666666666664
0 0.35140931372549017 0.6678921568627451 0.04595588235294118 0.1119281045751634
0 0.2861519607843137 0.47630718954248363 0.031862745098039214 0.06209150326797386
0 0.43535539215686275 0.38439542483660133 0.061887254901960786 0.04330065359477124
0 0.5765931372549019 0.45955882352941174 0.05269607843137255 0.04820261437908497
0 0.5254289215686274 0.4477124183006536 0.061887254901960786 0.032679738562091505
0 0.3330269607843137 0.1323529411764706 0.06924019607843138 0.05555555555555555