0 0.11550245098039216 0.8986928104575164 0.02144607843137255 0.05718954248366013
0 0.09068627450980392 0.8316993464052288 0.012254901960784314 0.016339869281045753
0 0.10355392156862746 0.8705065359477124 0.025735294117647058 0.07761437908496732
0 0.49111519607843135 0.8390522875816994 0.02389705882352941 0.05228758169934641
0 0.5303308823529411 0.8991013071895425 0.02389705882352941 0.07434640522875817
0 0.45465686274509803 0.7030228758169934 0.031862745098039214 0.08415032679738563
0 0.3547794117647059 0.7479575163398693 0.0392156862745098 0.056372549019607844
0 0.22886029411764705 0.5665849673202614 0.04840686274509804 0.04330065359477124
0 0.24387254901960784 0.5294117647058824 0.023284313725490197 0.05392156862745098
0 0.27941176470588236 0.5506535947712419 0.030637254901960783 0.06862745098039216
0 0.4721200980392157 0.2741013071895425 0.018995098039215685 0.06944444444444445
0 0.6859681372549019 0.38357843137254904 0.03370098039215686 0.06944444444444445
0 0.7037377450980392 0.5641339869281046 0.02144607843137255 0.06944444444444445
0 0.6746323529411765 0.9513888888888888 0.03676470588235294 0.03022875816993464
0 0.875 0.8190359477124183 0.030637254901960783 0.0727124183006536
0 0.9270833333333334 0.886437908496732 0.07352941176470588 0.05228758169934641
0 0.8964460784313726 0.9264705882352942 0.028186274509803922 0.06209150326797386
0 0.9678308823529411 0.9501633986928104 0.04963235294117647 0.06862745098039216
0 0.6605392156862745 0.26143790849673204 0.051470588235294115 0.03758169934640523
0 0.6930147058823529 0.22508169934640523 0.07352941176470588 0.03839869281045752
0 0.6403186274509803 0.04861111111111111 0.031862745098039214 0.07434640522875817
0 0.7208946078431373 0.03308823529411765 0.06311274509803921 0.03839869281045752
0 0.0352328431372549 0.38112745098039214 0.04350490196078431 0.05473856209150327
0 0.0897671568627451 0.14256535947712418 0.05575980392156863 0.041666666666666664
0 0.12071078431372549 0.12050653594771242 0.031862745098039214 0.059640522875817
0 0.17830882352941177 0.3888888888888889 0.04534313725490196 0.06535947712418301
0 0.12928921568627452 0.548202614379085 0.04411764705882353 0.05065359477124183
0 0.15410539215686275 0.05800653594771242 0.04840686274509804 0.05228758169934641
0 0.7068014705882353 0.6776960784313726 0.037377450980392156 0.08741830065359477