0 0.4414828431372549 0.5874183006535948 0.05821078431372549 0.07516339869281045
0 0.5591299019607843 0.7254901960784313 0.08394607843137254 0.042483660130718956
0 0.796875 0.414624183006536 0.037377450980392156 0.0923202614379085
0 0.48743872549019607 0.2340686274509804 0.044730392156862746 0.07924836601307189
0 0.633578431372549 0.3014705882352941 0.031862745098039214 0.04411764705882353
0 0.30330882352941174 0.0428921568627451 0.0428921568627451 0.07434640522875817
0 0.0545343137254902 0.7716503267973857 0.022058823529411766 0.06944444444444445
0 0.0778186274509804 0.8100490196078431 0.05759803921568627 0.02696078431372549
0 0.29963235294117646 0.7618464052287581 0.05392156862745098 0.035130718954248366
0 0.28278186274509803 0.8002450980392157 0.06924019607843138 0.06781045751633986
0 0.3268995098039216 0.9023692810457516 0.03370098039215686 0.0923202614379085
0 0.3474264705882353 0.883578431372549 0.022058823529411766 0.059640522875817
0 0.12990196078431374 0.7679738562091504 0.04656862745098039 0.027777777777777776
0 0.5358455882352942 0.8366013071895425 0.017769607843137254 0.05392156862745098
0 0.5493259803921569 0.8202614379084967 0.02144607843137255 0.049019607843137254
0 0.15839460784313725 0.7655228758169934 0.026348039215686275 0.05718954248366013
0 0.18382352941176472 0.7540849673202614 0.0392156862745098 0.05392156862745098