0 0.25153186274509803 0.22508169934640523 0.04595588235294118 0.09558823529411764
0 0.14215686274509803 0.22508169934640523 0.06495098039215687 0.059640522875817
0 0.2919730392156863 0.369281045751634 0.05575980392156863 0.04411764705882353
0 0.6550245098039216 0.3929738562091503 0.0428921568627451 0.05392156862745098
0 0.710171568627451 0.3946078431372549 0.041666666666666664 0.03431372549019608
0 0.8946078431372549 0.46977124183006536 0.0392156862745098 0.08660130718954248
0 0.7107843137254902 0.6008986928104575 0.04044117647058824 0.07598039215686274
0 0.7787990196078431 0.8954248366013072 0.028186274509803922 0.05718954248366013
0 0.44485294117647056 0.809640522875817 0.0428921568627451 0.04411764705882353
0 0.5220588235294118 0.7426470588235294 0.05269607843137255 0.042483660130718956
0 0.5024509803921569 0.8304738562091504 0.051470588235294115 0.035130718954248366
0 0.19270833333333334 0.6736111111111112 0.04963235294117647 0.03839869281045752
0 0.028799019607843136 0.7173202614379085 0.03308823529411765 0.09967320261437909
0 0.042279411764705885 0.32883986928104575 0.0392156862745098 0.06454248366013073
0 0.13633578431372548 0.44076797385620914 0.05330882352941176 0.035130718954248366
0 0.34068627450980393 0.05310457516339869 0.022058823529411766 0.0457516339869281
0 0.6746323529411765 0.07066993464052287 0.051470588235294115 0.03349673202614379
0 0.38817401960784315 0.09354575163398693 0.015318627450980392 0.018790849673202614
0 0.3900122549019608 0.11968954248366014 0.016544117647058824 0.02696078431372549
0 0.4102328431372549 0.1315359477124183 0.02389705882352941 0.02287581699346405