0 0.5517769607843137 0.5514705882352942 0.06433823529411764 0.03431372549019608
0 0.4632352941176471 0.4930555555555556 0.04656862745098039 0.035130718954248366
0 0.7325367647058824 0.40727124183006536 0.026348039215686275 0.031862745098039214
0 0.30606617647058826 0.2201797385620915 0.05821078431372549 0.041666666666666664
0 0.21752450980392157 0.07312091503267974 0.04044117647058824 0.031862745098039214
0 0.6795343137254902 0.2994281045751634 0.0392156862745098 0.035130718954248366
0 0.6948529411764706 0.22834967320261437 0.05392156862745098 0.035130718954248366
0 0.5266544117647058 0.08946078431372549 0.05698529411764706 0.03349673202614379
0 0.023284313725490197 0.8378267973856209 0.04656862745098039 0.02042483660130719
0 0.050551470588235295 0.9023692810457516 0.0508578431372549 0.02042483660130719
0 0.11213235294117647 0.5898692810457516 0.012254901960784314 0.016339869281045753
0 0.13694852941176472 0.6045751633986928 0.04963235294117647 0.029411764705882353