0 0.270007 0.160334 0.036186 0.088971
0 0.101601 0.360056 0.115518 0.113994
0 0.416493 0.484245 0.084203 0.084337
0 0.372651 0.573679 0.070285 0.085264
0 0.325331 0.651993 0.116214 0.123262
0 0.302714 0.529194 0.034795 0.074143
0 0.332985 0.424004 0.123173 0.182576
0 0.678845 0.650602 0.059151 0.133457
0 0.560543 0.782206 0.066110 0.092678
0 0.884830 0.332715 0.096729 0.072289
0 0.853166 0.392030 0.069589 0.092678
0 0.818720 0.518536 0.053584 0.108434
0 0.890049 0.620945 0.045929 0.183503
0 0.779402 0.935589 0.068198 0.086191
0 0.744607 0.928638 0.033403 0.063021
0 0.504523 0.936979 0.023660 0.079703
0 0.560891 0.879981 0.032011 0.049120
0 0.717119 0.475904 0.045233 0.037998
0 0.737300 0.874421 0.039666 0.050973
0 0.309673 0.233550 0.062630 0.061168
