0 0.37714460784313725 0.4007352941176471 0.037377450980392156 0.05473856209150327
0 0.3556985294117647 0.5625 0.027573529411764705 0.08905228758169935
0 0.4016544117647059 0.5416666666666666 0.04105392156862745 0.06209150326797386
0 0.46109068627450983 0.4158496732026144 0.0704656862745098 0.04411764705882353
0 0.9417892156862745 0.5600490196078431 0.05024509803921569 0.06454248366013073
0 0.821078431372549 0.6000816993464052 0.01838235294117647 0.059640522875817
0 0.13909313725490197 0.7577614379084967 0.04656862745098039 0.08741830065359477
0 0.2931985294117647 0.1323529411764706 0.04350490196078431 0.0392156862745098
0 0.4583333333333333 0.8668300653594772 0.029411764705882353 0.03104575163398693
0 0.49693627450980393 0.8733660130718954 0.04044117647058824 0.04084967320261438
0 0.0389093137254902 0.7561274509803921 0.02267156862745098 0.028594771241830064
0 0.0857843137254902 0.6356209150326797 0.025735294117647058 0.05065359477124183
0 0.08517156862745098 0.5976307189542484 0.029411764705882353 0.03839869281045752
0 0.882046568627451 0.7549019607843137 0.05698529411764706 0.05555555555555555
0 0.6807598039215687 0.6944444444444444 0.031862745098039214 0.05392156862745098
0 0.4571078431372549 0.3035130718954248 0.04656862745098039 0.03022875816993464
0 0.4632352941176471 0.2883986928104575 0.041666666666666664 0.03431372549019608
0 0.030330882352941176 0.184640522875817 0.05575980392156863 0.0392156862745098