0 0.6896446078431373 0.04125816993464052 0.05943627450980392 0.07924836601307189
0 0.7971813725490197 0.042075163398692814 0.02696078431372549 0.07107843137254902
0 0.8743872549019608 0.14950980392156862 0.04411764705882353 0.0457516339869281
0 0.6436887254901961 0.1948529411764706 0.04840686274509804 0.025326797385620915
0 0.6712622549019608 0.30269607843137253 0.03002450980392157 0.0988562091503268
0 0.8143382352941176 0.3533496732026144 0.05269607843137255 0.08251633986928104
0 0.9739583333333334 0.8464052287581699 0.0508578431372549 0.05065359477124183
0 0.3431372549019608 0.6797385620915033 0.04411764705882353 0.04411764705882353
0 0.37683823529411764 0.6629901960784313 0.03308823529411765 0.07107843137254902
0 0.35661764705882354 0.39133986928104575 0.04534313725490196 0.06372549019607843
0 0.8661151960784313 0.41094771241830064 0.032475490196078434 0.05555555555555555