0 0.11151960784313726 0.18341503267973855 0.0392156862745098 0.10702614379084967
0 0.21200980392156862 0.3897058823529412 0.05759803921568627 0.027777777777777776
0 0.42371323529411764 0.6025326797385621 0.02267156862745098 0.07434640522875817
0 0.45465686274509803 0.6184640522875817 0.028186274509803922 0.0718954248366013
0 0.8146446078431373 0.2181372549019608 0.02022058823529412 0.05228758169934641
0 0.3241421568627451 0.2193627450980392 0.0428921568627451 0.03022875816993464
0 0.33609068627450983 0.18668300653594772 0.03002450980392157 0.05473856209150327
0 0.5732230392156863 0.47058823529411764 0.05943627450980392 0.024509803921568627
0 0.9181985294117647 0.5915032679738562 0.05575980392156863 0.0718954248366013
0 0.20220588235294118 0.03022875816993464 0.023284313725490197 0.05065359477124183
0 0.8048406862745098 0.017565359477124183 0.03370098039215686 0.031862745098039214
0 0.8465073529411765 0.0196078431372549 0.018995098039215685 0.0392156862745098