0 0.7450980392156863 0.38848039215686275 0.023284313725490197 0.07107843137254902
0 0.7689950980392157 0.34191176470588236 0.03799019607843137 0.031862745098039214
0 0.7622549019607843 0.24468954248366012 0.02696078431372549 0.02696078431372549
0 0.8174019607843137 0.28717320261437906 0.030637254901960783 0.02369281045751634
0 0.8578431372549019 0.2667483660130719 0.030637254901960783 0.03022875816993464
0 0.3602941176470588 0.608251633986928 0.0428921568627451 0.028594771241830064
0 0.31096813725490197 0.7026143790849673 0.034926470588235295 0.0457516339869281
0 0.28707107843137253 0.49142156862745096 0.05821078431372549 0.03839869281045752
0 0.38419117647058826 0.34477124183006536 0.03553921568627451 0.06862745098039216
0 0.17003676470588236 0.36519607843137253 0.05943627450980392 0.03594771241830065
0 0.7913602941176471 0.31699346405228757 0.025122549019607844 0.0196078431372549
0 0.7919730392156863 0.25163398692810457 0.018995098039215685 0.05392156862745098
0 0.8072916666666666 0.2426470588235294 0.02144607843137255 0.04738562091503268
0 0.8333333333333334 0.23202614379084968 0.0428921568627451 0.058823529411764705
0 0.39889705882352944 0.13398692810457516 0.031862745098039214 0.05555555555555555