0 0.14338235294117646 0.2883986928104575 0.03431372549019608 0.06372549019607843
0 0.12837009803921567 0.48570261437908496 0.02389705882352941 0.06454248366013073
0 0.035845588235294115 0.5841503267973857 0.03370098039215686 0.06209150326797386
0 0.2193627450980392 0.9080882352941176 0.03431372549019608 0.06290849673202614
0 0.30392156862745096 0.8447712418300654 0.04411764705882353 0.11764705882352941
0 0.24785539215686275 0.7013888888888888 0.027573529411764705 0.06454248366013073
0 0.38817401960784315 0.6801470588235294 0.027573529411764705 0.031862745098039214
0 0.5741421568627451 0.636437908496732 0.03799019607843137 0.06535947712418301
0 0.5055147058823529 0.494281045751634 0.03799019607843137 0.05392156862745098
0 0.4362745098039216 0.3684640522875817 0.030637254901960783 0.06209150326797386
0 0.602328431372549 0.5236928104575164 0.029411764705882353 0.09313725490196079
0 0.6087622549019608 0.247140522875817 0.06924019607843138 0.041666666666666664
0 0.9356617647058824 0.1548202614379085 0.028186274509803922 0.08088235294117647
0 0.6825980392156863 0.08251633986928104 0.03308823529411765 0.05392156862745098
0 0.6259191176470589 0.11723856209150327 0.034926470588235295 0.041666666666666664
0 0.6997549019607843 0.5061274509803921 0.04411764705882353 0.03676470588235294
0 0.2601102941176471 0.2761437908496732 0.05575980392156863 0.05228758169934641
0 0.4898897058823529 0.7875816993464052 0.06924019607843138 0.03431372549019608