0 0.534620 0.723856 0.031250 0.083333
0 0.253064 0.581291 0.061275 0.046569
0 0.761949 0.703431 0.039828 0.062092
0 0.951287 0.561275 0.074142 0.086601
0 0.372549 0.406046 0.061275 0.029412
0 0.449142 0.359477 0.028186 0.045752
0 0.160846 0.064951 0.041054 0.040033
0 0.520833 0.035131 0.025735 0.065359
0 0.602635 0.513889 0.037377 0.037582
0 0.336703 0.489788 0.066789 0.048203
0 0.347426 0.504085 0.033088 0.044118
0 0.700674 0.743464 0.049632 0.044118
0 0.225490 0.938725 0.066176 0.122549
0 0.083027 0.522467 0.043505 0.064542
