0 0.476293 0.122910 0.112835 0.145635
0 0.369524 0.164171 0.025483 0.163429
0 0.356174 0.130190 0.156518 0.072817
0 0.117759 0.198151 0.092210 0.072817
0 0.043145 0.419027 0.042467 0.135922
0 0.189347 0.383424 0.126185 0.116506
0 0.469013 0.334073 0.064309 0.134300
0 0.520580 0.367243 0.186845 0.035598
0 0.709253 0.656886 0.047318 0.097090
0 0.961699 0.724041 0.076602 0.085765
0 0.537564 0.804138 0.111626 0.084143
0 0.366491 0.889092 0.072801 0.131066
0 0.047391 0.638281 0.094642 0.053392
0 0.084395 0.796047 0.110417 0.181233
