0 0.16176470588235295 0.10294117647058823 0.05024509803921569 0.05718954248366013
0 0.3431372549019608 0.43913398692810457 0.06985294117647059 0.07924836601307189
0 0.3872549019607843 0.6458333333333334 0.03431372549019608 0.10049019607843138
0 0.3229166666666667 0.7299836601307189 0.0392156862745098 0.03349673202614379
0 0.5073529411764706 0.7320261437908496 0.03676470588235294 0.04411764705882353
0 0.5217524509803921 0.818218954248366 0.02389705882352941 0.08415032679738563
0 0.7074142156862745 0.5433006535947712 0.03615196078431373 0.05392156862745098
0 0.6933210784313726 0.494281045751634 0.0545343137254902 0.03758169934640523
0 0.9540441176470589 0.372140522875817 0.024509803921568627 0.0727124183006536
0 0.609375 0.7867647058823529 0.025122549019607844 0.06535947712418301
0 0.6271446078431373 0.733251633986928 0.03002450980392157 0.07761437908496732
0 0.7003676470588235 0.9044117647058824 0.04044117647058824 0.05555555555555555
0 0.9761029411764706 0.02287581699346405 0.030637254901960783 0.0457516339869281
0 0.4068627450980392 0.8733660130718954 0.04044117647058824 0.05065359477124183
0 0.7435661764705882 0.16053921568627452 0.04595588235294118 0.07761437908496732