0 0.6461397058823529 0.9644607843137255 0.06556372549019608 0.02369281045751634
0 0.7285539215686274 0.9334150326797386 0.07598039215686274 0.0857843137254902
0 0.6636029411764706 0.6111111111111112 0.03553921568627451 0.049019607843137254
0 0.7919730392156863 0.36519607843137253 0.05698529411764706 0.05555555555555555
0 0.7411151960784313 0.38929738562091504 0.05575980392156863 0.03022875816993464
0 0.4417892156862745 0.44281045751633985 0.041666666666666664 0.08986928104575163
0 0.3553921568627451 0.46405228758169936 0.04044117647058824 0.05392156862745098
0 0.39889705882352944 0.6331699346405228 0.03431372549019608 0.0392156862745098
0 0.42034313725490197 0.6658496732026143 0.02696078431372549 0.05392156862745098
0 0.45067401960784315 0.28513071895424835 0.028799019607843136 0.07026143790849673
0 0.5441176470588235 0.14583333333333334 0.03431372549019608 0.07924836601307189
0 0.4175857843137255 0.049836601307189546 0.05943627450980392 0.08660130718954248
0 0.4849877450980392 0.3035130718954248 0.02389705882352941 0.04656862745098039