0 0.47487745098039214 0.31413398692810457 0.0428921568627451 0.06944444444444445
0 0.5358455882352942 0.5212418300653595 0.05575980392156863 0.04738562091503268
0 0.27389705882352944 0.1621732026143791 0.0428921568627451 0.03022875816993464
0 0.42922794117647056 0.16339869281045752 0.044730392156862746 0.04738562091503268
0 0.5367647058823529 0.08251633986928104 0.031862745098039214 0.08986928104575163
0 0.6914828431372549 0.04656862745098039 0.02022058823529412 0.05718954248366013
0 0.8268995098039216 0.48570261437908496 0.052083333333333336 0.04493464052287582
0 0.6124387254901961 0.460375816993464 0.037377450980392156 0.049836601307189546
0 0.78125 0.9031862745098039 0.028186274509803922 0.049836601307189546
0 0.9647671568627451 0.37745098039215685 0.03370098039215686 0.05228758169934641
0 0.2922794117647059 0.2826797385620915 0.031862745098039214 0.08660130718954248
0 0.8719362745098039 0.5159313725490197 0.06985294117647059 0.03676470588235294
0 0.15349264705882354 0.1830065359477124 0.03125 0.049019607843137254
0 0.011948529411764705 0.7054738562091504 0.02389705882352941 0.022058823529411766
0 0.49356617647058826 0.8492647058823529 0.026348039215686275 0.06944444444444445
0 0.9099264705882353 0.8602941176470589 0.041666666666666664 0.05718954248366013