0 0.062322 0.147178 0.042556 0.236247
0 0.111501 0.133429 0.056052 0.202261
0 0.244088 0.310612 0.077813 0.181223
0 0.326769 0.367243 0.048635 0.077674
0 0.553524 0.349444 0.093621 0.113272
0 0.529812 0.520968 0.060794 0.090612
0 0.076243 0.418216 0.063350 0.050167
0 0.035571 0.529055 0.069304 0.087377
0 0.206396 0.681969 0.063224 0.050167
0 0.107308 0.858346 0.047416 0.076043
0 0.031316 0.905269 0.060794 0.072817
0 0.562033 0.653652 0.054708 0.110028
0 0.628907 0.670644 0.074164 0.072817
0 0.701856 0.635046 0.047416 0.095468
0 0.772984 0.587312 0.097263 0.152104
0 0.901253 0.484560 0.105780 0.072808
0 0.962653 0.389092 0.060794 0.124597
0 0.869645 0.901228 0.049847 0.093855
0 0.984366 0.906084 0.031267 0.084143
0 0.481121 0.040417 0.034164 0.080834
