0 0.7242647058823529 0.3762254901960784 0.06004901960784314 0.035130718954248366
0 0.5664828431372549 0.8423202614379085 0.061887254901960786 0.08169934640522876
0 0.29381127450980393 0.7075163398692811 0.03125 0.09967320261437909
0 0.060355392156862746 0.9350490196078431 0.05330882352941176 0.06944444444444445
0 0.20465686274509803 0.49836601307189543 0.03553921568627451 0.049019607843137254
0 0.33486519607843135 0.34558823529411764 0.02267156862745098 0.04411764705882353
0 0.27420343137254904 0.43014705882352944 0.06311274509803921 0.02696078431372549
0 0.805453431372549 0.4881535947712418 0.04105392156862745 0.0923202614379085
0 0.9111519607843137 0.678921568627451 0.0392156862745098 0.0392156862745098
0 0.8376225490196079 0.9019607843137255 0.041666666666666664 0.05718954248366013
0 0.9016544117647058 0.9595588235294118 0.025122549019607844 0.05473856209150327
0 0.7496936274509803 0.18218954248366012 0.05330882352941176 0.03758169934640523
0 0.21476715686274508 0.5919117647058824 0.03002450980392157 0.06781045751633986
0 0.7328431372549019 0.34395424836601307 0.04656862745098039 0.04738562091503268
0 0.7573529411764706 0.03390522875816993 0.023284313725490197 0.06781045751633986
0 0.12009803921568628 0.01511437908496732 0.030637254901960783 0.03022875816993464