0 0.887847 0.688601 0.072917 0.100093
0 0.946181 0.460612 0.061806 0.081557
0 0.876042 0.593605 0.022917 0.054680
0 0.722222 0.641798 0.047222 0.097312
0 0.962153 0.222892 0.075694 0.058387
0 0.709375 0.259963 0.072917 0.050973
0 0.669792 0.363299 0.081250 0.061168
0 0.799653 0.304449 0.084028 0.047266
0 0.779167 0.972196 0.047222 0.048193
0 0.545833 0.487952 0.055556 0.097312
0 0.779861 0.917980 0.094444 0.086191
0 0.214931 0.791010 0.060417 0.093605
0 0.361458 0.886006 0.034028 0.087118
0 0.392708 0.972196 0.053472 0.055607
0 0.428125 0.964782 0.034028 0.070436
0 0.275000 0.974513 0.133333 0.050973
0 0.115278 0.807692 0.077778 0.078777
0 0.167361 0.136237 0.065278 0.075996
0 0.445139 0.173309 0.051389 0.092678
0 0.431597 0.039852 0.072917 0.077850
0 0.107292 0.941149 0.084028 0.058387
0 0.146875 0.881372 0.072917 0.055607
0 0.325694 0.744208 0.047222 0.025950
