0 0.569546568627451 0.5285947712418301 0.02389705882352941 0.06209150326797386
0 0.17432598039215685 0.5200163398692811 0.0508578431372549 0.07598039215686274
0 0.34558823529411764 0.6258169934640523 0.049019607843137254 0.03758169934640523
0 0.4013480392156863 0.7303921568627451 0.049019607843137254 0.09477124183006536
0 0.711703431372549 0.7336601307189542 0.027573529411764705 0.04738562091503268
0 0.8483455882352942 0.7859477124183006 0.03002450980392157 0.05718954248366013
0 0.9270833333333334 0.5302287581699346 0.03799019607843137 0.0392156862745098
0 0.484375 0.14910130718954248 0.025122549019607844 0.07598039215686274
0 0.5634191176470589 0.13316993464052287 0.02389705882352941 0.08823529411764706
0 0.7359068627450981 0.5302287581699346 0.03799019607843137 0.0392156862745098
0 0.25643382352941174 0.4534313725490196 0.03002450980392157 0.06045751633986928
0 0.9261642156862745 0.9072712418300654 0.03370098039215686 0.06454248366013073
0 0.7962622549019608 0.6544117647058824 0.018995098039215685 0.04084967320261438
0 0.5860906862745098 0.9117647058823529 0.052083333333333336 0.0457516339869281