0 0.5404411764705882 0.5563725490196079 0.024509803921568627 0.05718954248366013
0 0.2858455882352941 0.8014705882352942 0.052083333333333336 0.04411764705882353
0 0.171875 0.9031862745098039 0.03370098039215686 0.06454248366013073
0 0.0934436274509804 0.6409313725490197 0.03370098039215686 0.0727124183006536
0 0.20189950980392157 0.8026960784313726 0.044730392156862746 0.041666666666666664
0 0.24754901960784315 0.8611111111111112 0.06862745098039216 0.049019607843137254
0 0.7401960784313726 0.04656862745098039 0.024509803921568627 0.03758169934640523
0 0.8474264705882353 0.15236928104575165 0.022058823529411766 0.06944444444444445
0 0.051470588235294115 0.46200980392156865 0.028186274509803922 0.07761437908496732
0 0.7141544117647058 0.25531045751633985 0.08394607843137254 0.03676470588235294
0 0.8244485294117647 0.6384803921568627 0.025122549019607844 0.08905228758169935