0 0.34528186274509803 0.9285130718954249 0.026348039215686275 0.06944444444444445
0 0.4730392156862745 0.6744281045751634 0.0392156862745098 0.049836601307189546
0 0.43903186274509803 0.6262254901960784 0.04105392156862745 0.10702614379084967
0 0.5569852941176471 0.7389705882352942 0.04656862745098039 0.06944444444444445
0 0.6727941176470589 0.7839052287581699 0.0392156862745098 0.059640522875817
0 0.6841299019607843 0.7034313725490197 0.03125 0.05228758169934641
0 0.6495098039215687 0.6360294117647058 0.05269607843137255 0.04656862745098039
0 0.6078431372549019 0.5216503267973857 0.0392156862745098 0.041666666666666664
0 0.6106004901960784 0.4881535947712418 0.037377450980392156 0.035130718954248366
0 0.8333333333333334 0.9554738562091504 0.03553921568627451 0.059640522875817
0 0.9044117647058824 0.07393790849673203 0.03553921568627451 0.10212418300653595
0 0.5965073529411765 0.02900326797385621 0.02389705882352941 0.05800653594771242
0 0.5189950980392157 0.19852941176470587 0.03308823529411765 0.06209150326797386
0 0.7009803921568627 0.04044117647058824 0.03553921568627451 0.06454248366013073
0 0.7662377450980392 0.34354575163398693 0.02389705882352941 0.049836601307189546
0 0.33700980392156865 0.24918300653594772 0.028186274509803922 0.09477124183006536
0 0.3707107843137255 0.18341503267973855 0.020833333333333332 0.07761437908496732
0 0.42861519607843135 0.10008169934640523 0.016544117647058824 0.08415032679738563
0 0.40625 0.0951797385620915 0.0392156862745098 0.06944444444444445
0 0.7046568627450981 0.5686274509803921 0.03553921568627451 0.08169934640522876
0 0.805453431372549 0.6184640522875817 0.027573529411764705 0.06699346405228758
0 0.7867647058823529 0.34967320261437906 0.024509803921568627 0.06699346405228758
0 0.8072916666666666 0.3459967320261438 0.02389705882352941 0.059640522875817
0 0.4739583333333333 0.5665849673202614 0.027573529411764705 0.04003267973856209
0 0.23621323529411764 0.20547385620915032 0.017769607843137254 0.08415032679738563
0 0.24509803921568626 0.17197712418300654 0.03308823529411765 0.061274509803921566
0 0.7582720588235294 0.22630718954248366 0.02144607843137255 0.04738562091503268
0 0.7821691176470589 0.3991013071895425 0.02144607843137255 0.022058823529411766
0 0.8302696078431373 0.3247549019607843 0.04411764705882353 0.031862745098039214
0 0.7711397058823529 0.3786764705882353 0.025122549019607844 0.031862745098039214
0 0.7827818627450981 0.6625816993464052 0.02267156862745098 0.06372549019607843
0 0.8072916666666666 0.701797385620915 0.016544117647058824 0.04738562091503268
0 0.8256740196078431 0.7189542483660131 0.02022058823529412 0.05228758169934641
0 0.7858455882352942 0.8843954248366013 0.028799019607843136 0.041666666666666664
0 0.5171568627450981 0.7798202614379085 0.028186274509803922 0.035130718954248366
0 0.742953431372549 0.5706699346405228 0.03125 0.028594771241830064