0 0.06096813725490196 0.6511437908496732 0.03860294117647059 0.06699346405228758
0 0.09068627450980392 0.5674019607843137 0.04656862745098039 0.04493464052287582
0 0.12162990196078431 0.33251633986928103 0.04105392156862745 0.08660130718954248
0 0.26807598039215685 0.3958333333333333 0.02022058823529412 0.08905228758169935
0 0.3014705882352941 0.9742647058823529 0.05392156862745098 0.03676470588235294
0 0.4797794117647059 0.9146241830065359 0.056372549019607844 0.0727124183006536
0 0.5805759803921569 0.8562091503267973 0.044730392156862746 0.04411764705882353
0 0.7607230392156863 0.7504084967320261 0.02022058823529412 0.07761437908496732
0 0.5628063725490197 0.07883986928104575 0.0545343137254902 0.02696078431372549
0 0.7212009803921569 0.1270424836601307 0.028186274509803922 0.06454248366013073
0 0.7757352941176471 0.23039215686274508 0.05024509803921569 0.05718954248366013
0 0.7950367647058824 0.15359477124183007 0.026348039215686275 0.07679738562091504
0 0.5827205882352942 0.3366013071895425 0.04779411764705882 0.0392156862745098
0 0.9414828431372549 0.2152777777777778 0.028799019607843136 0.035130718954248366
0 0.6740196078431373 0.7308006535947712 0.03308823529411765 0.031862745098039214
0 0.9356617647058824 0.9387254901960784 0.030637254901960783 0.049019607843137254
0 0.9564950980392157 0.252859477124183 0.031862745098039214 0.02696078431372549