0 0.5386029411764706 0.4881535947712418 0.024509803921568627 0.049836601307189546
0 0.5591299019607843 0.4383169934640523 0.06556372549019608 0.06454248366013073
0 0.7028186274509803 0.31004901960784315 0.05392156862745098 0.0923202614379085
0 0.9255514705882353 0.39828431372549017 0.04840686274509804 0.04003267973856209
0 0.7251838235294118 0.6944444444444444 0.061887254901960786 0.049019607843137254
0 0.47150735294117646 0.6584967320261438 0.02389705882352941 0.06699346405228758
0 0.5450367647058824 0.1343954248366013 0.044730392156862746 0.05473856209150327
0 0.7475490196078431 0.23284313725490197 0.031862745098039214 0.07679738562091504
0 0.017463235294117647 0.3966503267973856 0.02267156862745098 0.07761437908496732
0 0.033394607843137254 0.3872549019607843 0.028799019607843136 0.06209150326797386
0 0.46078431372549017 0.2361111111111111 0.029411764705882353 0.08496732026143791
0 0.5747549019607843 0.17647058823529413 0.04656862745098039 0.06209150326797386
0 0.5796568627450981 0.068218954248366 0.05392156862745098 0.0727124183006536