0 0.7193627450980392 0.375 0.05392156862745098 0.042483660130718956
0 0.1412377450980392 0.21200980392156862 0.02389705882352941 0.07924836601307189
0 0.31464460784313725 0.6511437908496732 0.034926470588235295 0.05228758169934641
0 0.9638480392156863 0.45669934640522875 0.061274509803921566 0.03758169934640523
0 0.7552083333333334 0.7655228758169934 0.07291666666666667 0.032679738562091505
0 0.0352328431372549 0.7875816993464052 0.04350490196078431 0.05392156862745098
0 0.23253676470588236 0.9603758169934641 0.04105392156862745 0.035130718954248366
0 0.2696078431372549 0.9325980392156863 0.04411764705882353 0.03676470588235294
0 0.8137254901960784 0.2986111111111111 0.049019607843137254 0.03349673202614379
0 0.06740196078431372 0.22099673202614378 0.03676470588235294 0.06781045751633986
0 0.6397058823529411 0.4665032679738562 0.04534313725490196 0.0457516339869281
0 0.6841299019607843 0.12336601307189543 0.02022058823529412 0.05718954248366013