0 0.09834558823529412 0.2181372549019608 0.027573529411764705 0.058823529411764705
0 0.5808823529411765 0.11887254901960784 0.0392156862745098 0.04493464052287582
0 0.897671568627451 0.023284313725490197 0.03799019607843137 0.02369281045751634
0 0.9001225490196079 0.05841503267973856 0.03308823529411765 0.031862745098039214
0 0.6920955882352942 0.2099673202614379 0.018995098039215685 0.03594771241830065
0 0.9249387254901961 0.21650326797385622 0.04963235294117647 0.042483660130718956
0 0.9442401960784313 0.4309640522875817 0.0392156862745098 0.031862745098039214
0 0.9794730392156863 0.4644607843137255 0.03982843137254902 0.035130718954248366
0 0.5183823529411765 0.6147875816993464 0.05269607843137255 0.059640522875817
0 0.9270833333333334 0.7577614379084967 0.0428921568627451 0.07924836601307189
0 0.13051470588235295 0.8525326797385621 0.041666666666666664 0.04493464052287582
0 0.4264705882352941 0.31209150326797386 0.0392156862745098 0.03758169934640523
0 0.3584558823529412 0.2834967320261438 0.029411764705882353 0.05718954248366013
0 0.7512254901960784 0.2622549019607843 0.03308823529411765 0.0457516339869281
0 0.35324754901960786 0.41748366013071897 0.06678921568627451 0.0457516339869281
0 0.03125 0.7638888888888888 0.03553921568627451 0.05065359477124183
0 0.12254901960784313 0.9812091503267973 0.04779411764705882 0.03594771241830065
0 0.8376225490196079 0.7867647058823529 0.03431372549019608 0.06209150326797386
0 0.7806372549019608 0.07230392156862746 0.041666666666666664 0.07434640522875817
0 0.2696078431372549 0.12908496732026145 0.041666666666666664 0.09313725490196079