0 0.150727 0.167410 0.059534 0.088999
0 0.052919 0.249930 0.063180 0.134300
0 0.285595 0.198962 0.139722 0.064727
0 0.224784 0.555760 0.035358 0.127831
0 0.190828 0.574365 0.044955 0.181223
0 0.563831 0.249124 0.239353 0.077674
0 0.766065 0.043656 0.073020 0.087312
0 0.818981 0.204625 0.052241 0.092234
0 0.809868 0.290385 0.150661 0.085755
0 0.597853 0.595399 0.095985 0.110037
0 0.783747 0.597827 0.083834 0.082530
0 0.910104 0.752359 0.042519 0.129444
0 0.806827 0.902034 0.057105 0.137544
0 0.959311 0.944917 0.031594 0.029129
