0 0.33118872549019607 0.17565359477124182 0.04595588235294118 0.05065359477124183
0 0.4074754901960784 0.1576797385620915 0.03676470588235294 0.05555555555555555
0 0.14767156862745098 0.3929738562091503 0.05024509803921569 0.02287581699346405
0 0.5726102941176471 0.48284313725490197 0.06066176470588235 0.049019607843137254
0 0.6743259803921569 0.6703431372549019 0.02389705882352941 0.06290849673202614
0 0.47794117647058826 0.9064542483660131 0.030637254901960783 0.07924836601307189
0 0.7757352941176471 0.5641339869281046 0.03676470588235294 0.06290849673202614
0 0.6948529411764706 0.16380718954248366 0.04411764705882353 0.03022875816993464
0 0.6847426470588235 0.09681372549019608 0.05698529411764706 0.03839869281045752
0 0.7340686274509803 0.39705882352941174 0.031862745098039214 0.049019607843137254
0 0.789828431372549 0.4812091503267974 0.03431372549019608 0.049019607843137254
0 0.41911764705882354 0.38848039215686275 0.02696078431372549 0.035130718954248366
0 0.26746323529411764 0.1854575163398693 0.028799019607843136 0.03431372549019608
0 0.22549019607843138 0.16258169934640523 0.02696078431372549 0.0392156862745098