0 0.33486519607843135 0.7352941176470589 0.025122549019607844 0.07026143790849673
0 0.31433823529411764 0.8080065359477124 0.0392156862745098 0.06372549019607843
0 0.23713235294117646 0.9767156862745098 0.03676470588235294 0.04493464052287582
0 0.39767156862745096 0.5061274509803921 0.04656862745098039 0.07107843137254902
0 0.6439950980392157 0.17483660130718953 0.041666666666666664 0.049019607843137254
0 0.9099264705882353 0.4089052287581699 0.041666666666666664 0.025326797385620915
0 0.9427083333333334 0.4309640522875817 0.03125 0.06290849673202614
0 0.3167892156862745 0.6213235294117647 0.03676470588235294 0.0727124183006536
0 0.6556372549019608 0.049019607843137254 0.031862745098039214 0.09803921568627451
0 0.2426470588235294 0.14910130718954248 0.028186274509803922 0.07924836601307189
0 0.5772058823529411 0.7814542483660131 0.07720588235294118 0.035130718954248366
0 0.7395833333333334 0.46200980392156865 0.028186274509803922 0.03022875816993464
0 0.7668504901960784 0.8533496732026143 0.03615196078431373 0.04656862745098039
0 0.9368872549019608 0.029411764705882353 0.05024509803921569 0.049019607843137254
0 0.2760416666666667 0.14950980392156862 0.02389705882352941 0.09640522875816994