0 0.056172 0.292400 0.110957 0.086191
0 0.244105 0.297498 0.079057 0.075996
0 0.311720 0.437905 0.043689 0.115848
0 0.076630 0.411956 0.056172 0.063948
0 0.071429 0.786840 0.065187 0.114921
0 0.168863 0.728916 0.045076 0.182576
0 0.301664 0.575070 0.077670 0.173309
0 0.557906 0.752549 0.046463 0.098239
0 0.756241 0.334106 0.097781 0.088044
0 0.881415 0.283133 0.033287 0.067655
0 0.786408 0.511121 0.077670 0.154773
0 0.633842 0.125116 0.040222 0.196478
0 0.710472 0.071826 0.194868 0.067655
0 0.079404 0.965246 0.052011 0.067655
0 0.289182 0.763207 0.088766 0.099166
0 0.489598 0.776182 0.162275 0.130677
0 0.677531 0.572753 0.070735 0.063021
0 0.467753 0.084801 0.054785 0.056534
0 0.470527 0.180259 0.056172 0.034291
0 0.353329 0.989342 0.049237 0.021316
0 0.503121 0.145968 0.081137 0.050973
0 0.310333 0.529657 0.039528 0.138091
