0 0.5735294117647058 0.32230392156862747 0.03431372549019608 0.07107843137254902
0 0.6075367647058824 0.26919934640522875 0.026348039215686275 0.035130718954248366
0 0.5971200980392157 0.08496732026143791 0.05943627450980392 0.0457516339869281
0 0.7787990196078431 0.24632352941176472 0.05024509803921569 0.07107843137254902
0 0.8079044117647058 0.2928921568627451 0.025122549019607844 0.028594771241830064
0 0.8517156862745098 0.2369281045751634 0.051470588235294115 0.06535947712418301
0 0.8268995098039216 0.14011437908496732 0.027573529411764705 0.07107843137254902
0 0.9503676470588235 0.247140522875817 0.051470588235294115 0.059640522875817
0 0.6182598039215687 0.7267156862745098 0.04534313725490196 0.04330065359477124
0 0.8183210784313726 0.8962418300653595 0.05575980392156863 0.05228758169934641
0 0.9041053921568627 0.9803921568627451 0.04595588235294118 0.03758169934640523
0 0.9286151960784313 0.8071895424836601 0.02144607843137255 0.049019607843137254
0 0.928921568627451 0.06413398692810457 0.049019607843137254 0.04656862745098039