0 0.07996323529411764 0.20016339869281047 0.061887254901960786 0.058823529411764705
0 0.15808823529411764 0.25531045751633985 0.03799019607843137 0.022058823529411766
0 0.14583333333333334 0.32230392156862747 0.02696078431372549 0.07107843137254902
0 0.08455882352941177 0.3831699346405229 0.06862745098039216 0.05065359477124183
0 0.08823529411764706 0.5575980392156863 0.0428921568627451 0.08251633986928104
0 0.1332720588235294 0.5690359477124183 0.026348039215686275 0.12990196078431374
0 0.19209558823529413 0.4579248366013072 0.05330882352941176 0.04820261437908497
0 0.2622549019607843 0.3901143790849673 0.05392156862745098 0.031862745098039214
0 0.25735294117647056 0.35784313725490197 0.041666666666666664 0.05392156862745098
0 0.32567401960784315 0.25735294117647056 0.0545343137254902 0.05555555555555555
0 0.7922794117647058 0.42320261437908496 0.041666666666666664 0.05392156862745098
0 0.765625 0.49836601307189543 0.044730392156862746 0.03594771241830065
0 0.9598651960784313 0.6156045751633987 0.025122549019607844 0.07761437908496732
0 0.7763480392156863 0.641748366013072 0.028186274509803922 0.0661764705882353
0 0.4528186274509804 0.8876633986928104 0.04044117647058824 0.035130718954248366
0 0.390625 0.7495915032679739 0.025122549019607844 0.0661764705882353
0 0.39276960784313725 0.6862745098039216 0.0392156862745098 0.03431372549019608
0 0.18566176470588236 0.6768790849673203 0.04779411764705882 0.03839869281045752
0 0.8131127450980392 0.7916666666666666 0.025735294117647058 0.05555555555555555
0 0.586703431372549 0.9256535947712419 0.027573529411764705 0.04411764705882353
0 0.8988970588235294 0.630718954248366 0.04534313725490196 0.04084967320261438
0 0.609375 0.47671568627450983 0.05330882352941176 0.025326797385620915
0 0.5006127450980392 0.377859477124183 0.06372549019607843 0.03676470588235294
0 0.5462622549019608 0.08496732026143791 0.025122549019607844 0.05228758169934641
0 0.5582107843137255 0.0298202614379085 0.029411764705882353 0.028594771241830064
0 0.7604166666666666 0.0363562091503268 0.03676470588235294 0.035130718954248366
0 0.6675857843137255 0.14419934640522875 0.027573529411764705 0.04820261437908497
0 0.17769607843137256 0.04044117647058824 0.03676470588235294 0.03022875816993464
0 0.6813725490196079 0.7536764705882353 0.04779411764705882 0.03349673202614379
0 0.7009803921568627 0.4158496732026144 0.03676470588235294 0.05555555555555555