0 0.19852941176470587 0.27736928104575165 0.030637254901960783 0.06290849673202614
0 0.27236519607843135 0.32189542483660133 0.07659313725490197 0.04411764705882353
0 0.26286764705882354 0.4272875816993464 0.03799019607843137 0.008169934640522876
0 0.14399509803921567 0.8970588235294118 0.028186274509803922 0.06699346405228758
0 0.10477941176470588 0.8080065359477124 0.05514705882352941 0.05718954248366013
0 0.7150735294117647 0.9003267973856209 0.041666666666666664 0.05065359477124183
0 0.5689338235294118 0.37336601307189543 0.027573529411764705 0.06209150326797386
0 0.7757352941176471 0.3737745098039216 0.02696078431372549 0.06944444444444445
0 0.8970588235294118 0.21609477124183007 0.03431372549019608 0.07434640522875817
0 0.975796568627451 0.1409313725490196 0.04718137254901961 0.03839869281045752
0 0.7818627450980392 0.16748366013071894 0.041666666666666664 0.05228758169934641
0 0.06862745098039216 0.1568627450980392 0.029411764705882353 0.06372549019607843
0 0.11550245098039216 0.2520424836601307 0.0545343137254902 0.0727124183006536
0 0.2622549019607843 0.6254084967320261 0.0392156862745098 0.03022875816993464
0 0.3128063725490196 0.5988562091503268 0.05698529411764706 0.04411764705882353