0 0.03952205882352941 0.23284313725490197 0.052083333333333336 0.06699346405228758
0 0.4574142156862745 0.4505718954248366 0.06311274509803921 0.059640522875817
0 0.49172794117647056 0.6098856209150327 0.07291666666666667 0.04003267973856209
0 0.4319852941176471 0.2790032679738562 0.04656862745098039 0.049836601307189546
0 0.7650122549019608 0.14624183006535948 0.04840686274509804 0.042483660130718956
0 0.2604166666666667 0.19076797385620914 0.05392156862745098 0.04656862745098039
0 0.5450367647058824 0.30800653594771243 0.0704656862745098 0.05228758169934641
0 0.6299019607843137 0.013888888888888888 0.04656862745098039 0.027777777777777776
0 0.39981617647058826 0.7875816993464052 0.044730392156862746 0.0718954248366013
0 0.18321078431372548 0.34068627450980393 0.05024509803921569 0.02287581699346405
0 0.21629901960784315 0.4150326797385621 0.03799019607843137 0.03758169934640523
0 0.16605392156862744 0.5134803921568627 0.0392156862745098 0.018790849673202614
0 0.14736519607843138 0.4918300653594771 0.016544117647058824 0.05228758169934641
0 0.4050245098039216 0.04370915032679738 0.031862745098039214 0.04003267973856209