0 0.20557598039215685 0.3386437908496732 0.052083333333333336 0.09395424836601307
0 0.11151960784313726 0.6323529411764706 0.0392156862745098 0.03431372549019608
0 0.1868872549019608 0.8022875816993464 0.029411764705882353 0.05718954248366013
0 0.8817401960784313 0.45955882352941174 0.031862745098039214 0.08741830065359477
0 0.5704656862745098 0.7107843137254902 0.028186274509803922 0.07679738562091504
0 0.5094975490196079 0.9370915032679739 0.044730392156862746 0.07679738562091504
0 0.38909313725490197 0.032679738562091505 0.0428921568627451 0.0392156862745098
0 0.5367647058823529 0.5976307189542484 0.03553921568627451 0.06454248366013073
0 0.7233455882352942 0.6650326797385621 0.02022058823529412 0.049019607843137254
0 0.7496936274509803 0.6274509803921569 0.025122549019607844 0.05392156862745098
0 0.33639705882352944 0.3104575163398693 0.03553921568627451 0.06372549019607843
0 0.15196078431372548 0.034722222222222224 0.0392156862745098 0.06290849673202614
0 0.9142156862745098 0.41748366013071897 0.07352941176470588 0.05228758169934641
0 0.1559436274509804 0.9705882352941176 0.07169117647058823 0.049019607843137254
0 0.32598039215686275 0.9064542483660131 0.03553921568627451 0.08251633986928104
0 0.47058823529411764 0.7781862745098039 0.04044117647058824 0.035130718954248366