0 0.49387254901960786 0.34477124183006536 0.031862745098039214 0.08169934640522876
0 0.5113357843137255 0.25449346405228757 0.026348039215686275 0.049836601307189546
0 0.23345588235294118 0.28880718954248363 0.06372549019607843 0.06454248366013073
0 0.27297794117647056 0.5951797385620915 0.04105392156862745 0.059640522875817
0 0.24111519607843138 0.21200980392156862 0.06311274509803921 0.049836601307189546
0 0.03676470588235294 0.44076797385620914 0.07230392156862746 0.04493464052287582
0 0.04963235294117647 0.5698529411764706 0.04656862745098039 0.035130718954248366
0 0.06587009803921569 0.7851307189542484 0.04840686274509804 0.05228758169934641
0 0.8014705882352942 0.30187908496732024 0.03308823529411765 0.08741830065359477
0 0.8180147058823529 0.028594771241830064 0.030637254901960783 0.04411764705882353
0 0.6798406862745098 0.0690359477124183 0.05698529411764706 0.02696078431372549
0 0.9662990196078431 0.16094771241830066 0.04044117647058824 0.049019607843137254
0 0.5266544117647058 0.8108660130718954 0.018995098039215685 0.07434640522875817
0 0.546875 0.7830882352941176 0.044730392156862746 0.035130718954248366
0 0.46568627450980393 0.625 0.03676470588235294 0.0392156862745098
0 0.36856617647058826 0.8312908496732027 0.026348039215686275 0.08088235294117647
0 0.10324754901960784 0.6090686274509803 0.06066176470588235 0.02696078431372549
0 0.1795343137254902 0.45098039215686275 0.04534313725490196 0.06209150326797386
0 0.7493872549019608 0.875 0.0392156862745098 0.05718954248366013
0 0.7086397058823529 0.9730392156862745 0.05698529411764706 0.04738562091503268
0 0.05116421568627451 0.1875 0.02144607843137255 0.03349673202614379
0 0.06801470588235294 0.9040032679738562 0.03308823529411765 0.02369281045751634
0 0.5808823529411765 0.40318627450980393 0.03676470588235294 0.04003267973856209
0 0.6060049019607843 0.1213235294117647 0.0392156862745098 0.03022875816993464
0 0.8186274509803921 0.6695261437908496 0.03431372549019608 0.049836601307189546
0 0.6176470588235294 0.7258986928104575 0.022058823529411766 0.022058823529411766