0 0.7460171568627451 0.6029411764705882 0.04105392156862745 0.0457516339869281
0 0.4810049019607843 0.6764705882352942 0.03676470588235294 0.06045751633986928
0 0.36856617647058826 0.7181372549019608 0.02144607843137255 0.05392156862745098
0 0.34129901960784315 0.23366013071895425 0.03308823529411765 0.05555555555555555
0 0.37745098039215685 0.21160130718954248 0.049019607843137254 0.05555555555555555
0 0.17095588235294118 0.12908496732026145 0.041666666666666664 0.05228758169934641
0 0.711703431372549 0.4795751633986928 0.027573529411764705 0.0457516339869281
0 0.3743872549019608 0.5110294117647058 0.0428921568627451 0.03349673202614379
0 0.24448529411764705 0.7716503267973857 0.031862745098039214 0.03839869281045752
0 0.46078431372549017 0.7671568627450981 0.07720588235294118 0.04738562091503268
0 0.9822303921568627 0.9035947712418301 0.03431372549019608 0.05065359477124183
0 0.8648897058823529 0.24142156862745098 0.034926470588235295 0.03022875816993464
0 0.024509803921568627 0.12459150326797386 0.04411764705882353 0.03349673202614379
0 0.2104779411764706 0.0428921568627451 0.04963235294117647 0.035130718954248366