0 0.29411764705882354 0.17687908496732027 0.024509803921568627 0.05473856209150327
0 0.19270833333333334 0.04656862745098039 0.037377450980392156 0.07679738562091504
0 0.6020220588235294 0.07107843137254902 0.027573529411764705 0.06699346405228758
0 0.35294117647058826 0.4133986928104575 0.03308823529411765 0.07026143790849673
0 0.23927696078431374 0.3647875816993464 0.03370098039215686 0.08741830065359477
0 0.38082107843137253 0.511437908496732 0.03002450980392157 0.05718954248366013
0 0.4322916666666667 0.6511437908496732 0.061887254901960786 0.05228758169934641
0 0.8192401960784313 0.7389705882352942 0.01838235294117647 0.06454248366013073
0 0.9528186274509803 0.2361111111111111 0.04411764705882353 0.03758169934640523
0 0.47671568627450983 0.5126633986928104 0.05024509803921569 0.03349673202614379
0 0.15839460784313725 0.2749183006535948 0.052083333333333336 0.03349673202614379
0 0.09926470588235294 0.3954248366013072 0.041666666666666664 0.049019607843137254