0 0.5291053921568627 0.04084967320261438 0.04718137254901961 0.05065359477124183
0 0.7389705882352942 0.10743464052287582 0.03431372549019608 0.08251633986928104
0 0.7680759803921569 0.14583333333333334 0.026348039215686275 0.0727124183006536
0 0.6639093137254902 0.3492647058823529 0.03002450980392157 0.09395424836601307
0 0.6645220588235294 0.5277777777777778 0.03125 0.06699346405228758
0 0.5131740196078431 0.6205065359477124 0.0508578431372549 0.04003267973856209
0 0.24662990196078433 0.5723039215686274 0.06066176470588235 0.035130718954248366
0 0.6421568627450981 0.6915849673202614 0.04534313725490196 0.03022875816993464
0 0.7472426470588235 0.8063725490196079 0.025122549019607844 0.05392156862745098
0 0.7714460784313726 0.8843954248366013 0.04044117647058824 0.025326797385620915
0 0.6516544117647058 0.9191176470588235 0.028799019607843136 0.07026143790849673
0 0.5790441176470589 0.9162581699346405 0.0428921568627451 0.031862745098039214
0 0.19669117647058823 0.4918300653594771 0.03431372549019608 0.058823529411764705
0 0.9350490196078431 0.6094771241830066 0.0392156862745098 0.0457516339869281
0 0.9653799019607843 0.6266339869281046 0.03370098039215686 0.0457516339869281
0 0.9800857843137255 0.5522875816993464 0.03002450980392157 0.06209150326797386