0 0.46200980392156865 0.5825163398692811 0.0428921568627451 0.11437908496732026
0 0.522671568627451 0.7107843137254902 0.056372549019607844 0.04738562091503268
0 0.7306985294117647 0.5612745098039216 0.06556372549019608 0.03758169934640523
0 0.8155637254901961 0.2630718954248366 0.06372549019607843 0.08169934640522876
0 0.5413602941176471 0.41830065359477125 0.06311274509803921 0.03431372549019608
0 0.22242647058823528 0.44607843137254904 0.03553921568627451 0.06535947712418301
0 0.07506127450980392 0.30106209150326796 0.028799019607843136 0.035130718954248366
0 0.5088848039215687 0.5723039215686274 0.04963235294117647 0.07924836601307189
0 0.3020833333333333 0.9485294117647058 0.03308823529411765 0.08986928104575163
0 0.4362745098039216 0.125 0.03308823529411765 0.10457516339869281
0 0.33762254901960786 0.022058823529411766 0.03553921568627451 0.04411764705882353
0 0.2426470588235294 0.020016339869281044 0.05514705882352941 0.03022875816993464
0 0.21537990196078433 0.05228758169934641 0.026348039215686275 0.06699346405228758
0 0.8933823529411765 0.7589869281045751 0.07720588235294118 0.04411764705882353