0 0.4108455882352941 0.7593954248366013 0.026348039215686275 0.049836601307189546
0 0.40042892156862747 0.5612745098039216 0.02389705882352941 0.05228758169934641
0 0.7457107843137255 0.5735294117647058 0.03553921568627451 0.05228758169934641
0 0.805453431372549 0.4383169934640523 0.02389705882352941 0.06454248366013073
0 0.3287377450980392 0.803921568627451 0.026348039215686275 0.0392156862745098
0 0.22242647058823528 0.25531045751633985 0.056372549019607844 0.031862745098039214
0 0.7784926470588235 0.7888071895424836 0.03370098039215686 0.04493464052287582
0 0.2925857843137255 0.19812091503267973 0.026348039215686275 0.07598039215686274
0 0.8872549019607843 0.05800653594771242 0.04411764705882353 0.049019607843137254
0 0.4255514705882353 0.815359477124183 0.06678921568627451 0.03594771241830065
0 0.703125 0.5731209150326797 0.04840686274509804 0.03349673202614379
0 0.08517156862745098 0.8986928104575164 0.06495098039215687 0.06372549019607843
0 0.26286764705882354 0.4117647058823529 0.030637254901960783 0.06045751633986928
0 0.12959558823529413 0.46200980392156865 0.02389705882352941 0.061274509803921566