0 0.18596813725490197 0.2581699346405229 0.03125 0.05718954248366013
0 0.6617647058823529 0.8051470588235294 0.028186274509803922 0.051470588235294115
0 0.5012254901960784 0.5249183006535948 0.028186274509803922 0.05473856209150327
0 0.6973039215686274 0.28594771241830064 0.049019607843137254 0.06209150326797386
0 0.8308823529411765 0.32965686274509803 0.04534313725490196 0.041666666666666664
0 0.609375 0.2928921568627451 0.025122549019607844 0.07598039215686274
0 0.3716299019607843 0.6123366013071896 0.06311274509803921 0.03349673202614379
0 0.27941176470588236 0.4681372549019608 0.03308823529411765 0.0457516339869281
0 0.19025735294117646 0.3247549019607843 0.03125 0.07598039215686274
0 0.46292892156862747 0.35866013071895425 0.025122549019607844 0.0457516339869281
0 0.9316789215686274 0.06576797385620915 0.02022058823529412 0.09068627450980392
0 0.22579656862745098 0.030637254901960783 0.0545343137254902 0.03349673202614379
0 0.11825980392156862 0.5473856209150327 0.03676470588235294 0.042483660130718956
0 0.09712009803921569 0.49836601307189543 0.05575980392156863 0.03594771241830065