0 0.335784 0.024510 0.034314 0.017974
0 0.353860 0.046160 0.027574 0.069444
0 0.778186 0.169526 0.074755 0.031863
0 0.898284 0.082925 0.049020 0.041667
0 0.547181 0.385621 0.037990 0.058824
0 0.198529 0.172794 0.051471 0.031863
0 0.088542 0.333333 0.025123 0.021242
0 0.100490 0.352533 0.046569 0.036765
0 0.140931 0.689542 0.026961 0.083333
0 0.089461 0.789216 0.051471 0.066993
0 0.396446 0.682190 0.087010 0.035948
0 0.766850 0.796977 0.054534 0.082516
0 0.762255 0.914624 0.075980 0.028595
0 0.913297 0.354167 0.028799 0.054739
0 0.176164 0.420752 0.026348 0.055556
0 0.019301 0.781454 0.028799 0.038399
0 0.208640 0.422794 0.034926 0.097222
0 0.481618 0.429739 0.052696 0.050654
0 0.530637 0.616013 0.053922 0.044118
0 0.643995 0.748775 0.053922 0.046569
0 0.377145 0.019199 0.036152 0.036765
0 0.479167 0.011029 0.013480 0.020425
