0 0.647671568627451 0.5763888888888888 0.056372549019607844 0.03676470588235294
0 0.5897671568627451 0.5077614379084967 0.018995098039215685 0.06944444444444445
0 0.6096813725490197 0.46691176470588236 0.0392156862745098 0.031862745098039214
0 0.7931985294117647 0.26633986928104575 0.03370098039215686 0.09477124183006536
0 0.22303921568627452 0.6499183006535948 0.031862745098039214 0.05473856209150327
0 0.8697916666666666 0.943218954248366 0.04840686274509804 0.06944444444444445
0 0.3799019607843137 0.8129084967320261 0.05392156862745098 0.05228758169934641
0 0.3425245098039216 0.5563725490196079 0.0428921568627451 0.027777777777777776
0 0.5067401960784313 0.25449346405228757 0.020833333333333332 0.06454248366013073
0 0.8167892156862745 0.4133986928104575 0.0428921568627451 0.0392156862745098
0 0.8624387254901961 0.693218954248366 0.04840686274509804 0.04656862745098039
0 0.32567401960784315 0.6323529411764706 0.02389705882352941 0.03431372549019608
0 0.3134191176470588 0.6695261437908496 0.032475490196078434 0.03022875816993464
0 0.45618872549019607 0.021241830065359478 0.025122549019607844 0.042483660130718956
0 0.22549019607843138 0.13929738562091504 0.02696078431372549 0.0727124183006536