0 0.09712009803921569 0.29616013071895425 0.052083333333333336 0.04003267973856209
0 0.42463235294117646 0.08251633986928104 0.0392156862745098 0.06535947712418301
0 0.5012254901960784 0.16462418300653595 0.0392156862745098 0.04003267973856209
0 0.5732230392156863 0.9665032679738562 0.044730392156862746 0.06209150326797386
0 0.5664828431372549 0.8946078431372549 0.03125 0.032679738562091505
0 0.7046568627450981 0.8361928104575164 0.0428921568627451 0.049836601307189546
0 0.9638480392156863 0.764297385620915 0.06495098039215687 0.035130718954248366
0 0.6746323529411765 0.14133986928104575 0.031862745098039214 0.05228758169934641
0 0.6636029411764706 0.21323529411764705 0.020833333333333332 0.05718954248366013
0 0.41268382352941174 0.6188725490196079 0.06678921568627451 0.03349673202614379
0 0.7496936274509803 0.15359477124183007 0.05330882352941176 0.04411764705882353
0 0.9791666666666666 0.12050653594771242 0.0392156862745098 0.03839869281045752