0 0.32506127450980393 0.6572712418300654 0.04105392156862745 0.07434640522875817
0 0.02542892156862745 0.5053104575163399 0.027573529411764705 0.06944444444444445
0 0.9518995098039216 0.5939542483660131 0.04840686274509804 0.042483660130718956
0 0.8079044117647058 0.029411764705882353 0.04840686274509804 0.05718954248366013
0 0.7221200980392157 0.6331699346405228 0.03370098039215686 0.05228758169934641
0 0.19148284313725492 0.8668300653594772 0.0545343137254902 0.04084967320261438
0 0.7441789215686274 0.744281045751634 0.026348039215686275 0.0457516339869281
0 0.8149509803921569 0.883578431372549 0.041666666666666664 0.04003267973856209
0 0.23866421568627452 0.2687908496732026 0.02267156862745098 0.06209150326797386
0 0.25214460784313725 0.22426470588235295 0.026348039215686275 0.04656862745098039
0 0.3284313725490196 0.1213235294117647 0.04044117647058824 0.03676470588235294