0 0.06862745098039216 0.3235294117647059 0.0392156862745098 0.10457516339869281
0 0.5925245098039216 0.3190359477124183 0.020833333333333332 0.07924836601307189
0 0.6357230392156863 0.3075980392156863 0.06556372549019608 0.08741830065359477
0 0.4378063725490196 0.8337418300653595 0.034926470588235295 0.08905228758169935
0 0.9638480392156863 0.380718954248366 0.05392156862745098 0.09967320261437909
0 0.8854166666666666 0.5625 0.03553921568627451 0.07434640522875817
0 0.3232230392156863 0.19852941176470587 0.026348039215686275 0.06209150326797386
0 0.3483455882352941 0.49142156862745096 0.026348039215686275 0.0661764705882353
0 0.31004901960784315 0.9783496732026143 0.03676470588235294 0.041666666666666664
0 0.7138480392156863 0.6115196078431373 0.04411764705882353 0.031862745098039214
0 0.7662377450980392 0.5976307189542484 0.032475490196078434 0.031862745098039214
0 0.7947303921568627 0.7422385620915033 0.02696078431372549 0.08088235294117647
0 0.9041053921568627 0.6131535947712419 0.025122549019607844 0.035130718954248366