0 0.501031 0.072424 0.085781 0.066015
0 0.335278 0.248151 0.071249 0.067961
0 0.325829 0.356891 0.040708 0.126219
0 0.223324 0.673392 0.082873 0.056311
0 0.417425 0.668540 0.072700 0.058248
0 0.562821 0.687956 0.034899 0.100973
0 0.511207 0.763689 0.042165 0.112623
0 0.511204 0.843295 0.074150 0.050482
0 0.030677 0.897669 0.052346 0.124272
0 0.721301 0.404462 0.087238 0.066015
0 0.660236 0.516112 0.069785 0.060195
0 0.865246 0.410287 0.125038 0.097090
0 0.770736 0.257859 0.052339 0.091270
0 0.888508 0.793786 0.061069 0.188350
0 0.845618 0.507373 0.079965 0.077674
0 0.631155 0.934560 0.081423 0.062132
0 0.381079 0.903494 0.081423 0.128156
