0 0.569547 0.368464 0.052083 0.029412
0 0.778186 0.658497 0.018382 0.052288
0 0.791360 0.614788 0.022672 0.049837
0 0.924632 0.600899 0.057598 0.038399
0 0.878983 0.703431 0.022672 0.071895
0 0.154412 0.898284 0.031863 0.044935
0 0.710784 0.238971 0.058824 0.054739
0 0.409926 0.111111 0.024510 0.057190
0 0.754902 0.279003 0.039216 0.064542
0 0.454657 0.057190 0.041667 0.075163
0 0.611520 0.920752 0.041667 0.057190
0 0.414828 0.254493 0.035539 0.064542
0 0.883885 0.022059 0.065564 0.034314
0 0.315870 0.810049 0.031250 0.087418
0 0.348652 0.098448 0.063725 0.040033
