0 0.7365196078431373 0.6683006535947712 0.05024509803921569 0.06209150326797386
0 0.7064950980392157 0.6147875816993464 0.03553921568627451 0.06454248366013073
0 0.4537377450980392 0.8848039215686274 0.03002450980392157 0.07679738562091504
0 0.4837622549019608 0.9044117647058824 0.04105392156862745 0.03758169934640523
0 0.30330882352941174 0.7455065359477124 0.028186274509803922 0.07761437908496732
0 0.33057598039215685 0.7516339869281046 0.04105392156862745 0.09477124183006536
0 0.49387254901960786 0.3897058823529412 0.028186274509803922 0.0718954248366013
0 0.6654411764705882 0.7218137254901961 0.03553921568627451 0.059640522875817
0 0.6927083333333334 0.7777777777777778 0.03370098039215686 0.0718954248366013
0 0.31403186274509803 0.049836601307189546 0.03370098039215686 0.017973856209150325
0 0.7383578431372549 0.10457516339869281 0.03799019607843137 0.06372549019607843
0 0.39767156862745096 0.44607843137254904 0.04656862745098039 0.024509803921568627
0 0.3786764705882353 0.4832516339869281 0.02696078431372549 0.041666666666666664
0 0.3943014705882353 0.5069444444444444 0.0508578431372549 0.025326797385620915
0 0.22824754901960784 0.6899509803921569 0.06678921568627451 0.02696078431372549
0 0.6035539215686274 0.44199346405228757 0.03676470588235294 0.06045751633986928
0 0.20863970588235295 0.031862745098039214 0.027573529411764705 0.06372549019607843
0 0.22181372549019607 0.12663398692810457 0.024509803921568627 0.06045751633986928