0 0.7074142156862745 0.4178921568627451 0.02389705882352941 0.08088235294117647
0 0.7533700980392157 0.40032679738562094 0.02267156862745098 0.06209150326797386
0 0.8933823529411765 0.2536764705882353 0.03431372549019608 0.07924836601307189
0 0.9730392156862745 0.4795751633986928 0.04656862745098039 0.05228758169934641
0 0.8235294117647058 0.8366013071895425 0.041666666666666664 0.04411764705882353
0 0.8155637254901961 0.9595588235294118 0.05024509803921569 0.05473856209150327
0 0.0628063725490196 0.7977941176470589 0.05575980392156863 0.04003267973856209
0 0.12928921568627452 0.7687908496732027 0.04656862745098039 0.04738562091503268
0 0.3293504901960784 0.38112745098039214 0.028799019607843136 0.08415032679738563
0 0.16482843137254902 0.16380718954248366 0.041666666666666664 0.03022875816993464
0 0.11672794117647059 0.125 0.028799019607843136 0.0915032679738562
0 0.3443627450980392 0.2622549019607843 0.06985294117647059 0.0392156862745098
0 0.42922794117647056 0.14950980392156862 0.052083333333333336 0.05555555555555555
0 0.5055147058823529 0.21405228758169934 0.04534313725490196 0.04084967320261438
0 0.5499387254901961 0.38031045751633985 0.03002450980392157 0.06944444444444445
0 0.3943014705882353 0.6160130718954249 0.05821078431372549 0.05228758169934641
0 0.1256127450980392 0.4579248366013072 0.0392156862745098 0.041666666666666664
0 0.6979166666666666 0.6625816993464052 0.0428921568627451 0.04411764705882353
0 0.4387254901960784 0.9183006535947712 0.07352941176470588 0.049019607843137254
0 0.6200980392156863 0.4354575163398693 0.03676470588235294 0.05065359477124183
0 0.8308823529411765 0.6331699346405228 0.03553921568627451 0.0392156862745098