0 0.30392156862745096 0.11437908496732026 0.04411764705882353 0.05718954248366013
0 0.34375 0.04738562091503268 0.012254901960784314 0.016339869281045753
0 0.3590686274509804 0.07434640522875817 0.030637254901960783 0.05392156862745098
0 0.40808823529411764 0.09191176470588236 0.03553921568627451 0.03839869281045752
0 0.4650735294117647 0.10049019607843138 0.04779411764705882 0.03594771241830065
0 0.5358455882352942 0.12745098039215685 0.02022058823529412 0.06535947712418301
0 0.8492647058823529 0.25040849673202614 0.041666666666666664 0.04820261437908497
0 0.8547794117647058 0.44607843137254904 0.07598039215686274 0.042483660130718956
0 0.8575367647058824 0.625 0.02267156862745098 0.0457516339869281
0 0.7472426470588235 0.5935457516339869 0.034926470588235295 0.04330065359477124
0 0.522671568627451 0.5220588235294118 0.03676470588235294 0.05228758169934641
0 0.4856004901960784 0.514297385620915 0.06311274509803921 0.04656862745098039
0 0.42034313725490197 0.36356209150326796 0.04411764705882353 0.049019607843137254
0 0.5683210784313726 0.33782679738562094 0.05943627450980392 0.031862745098039214
0 0.49172794117647056 0.4252450980392157 0.0508578431372549 0.03349673202614379
0 0.2665441176470588 0.7218137254901961 0.03308823529411765 0.04003267973856209
0 0.037377450980392156 0.7487745098039216 0.041666666666666664 0.02696078431372549
0 0.49111519607843135 0.7867647058823529 0.05943627450980392 0.042483660130718956
0 0.5643382352941176 0.7328431372549019 0.07965686274509803 0.0392156862745098
0 0.6409313725490197 0.7107843137254902 0.03553921568627451 0.0392156862745098
0 0.5327818627450981 0.8839869281045751 0.052083333333333336 0.05065359477124183
0 0.5266544117647058 0.9824346405228758 0.061887254901960786 0.028594771241830064
0 0.9469975490196079 0.943218954248366 0.02267156862745098 0.07598039215686274
0 0.41390931372549017 0.6862745098039216 0.052083333333333336 0.03758169934640523
0 0.2028186274509804 0.16339869281045752 0.029411764705882353 0.04084967320261438