0 0.7922794117647058 0.48447712418300654 0.06495098039215687 0.032679738562091505
0 0.7904411764705882 0.5625 0.04656862745098039 0.059640522875817
0 0.7383578431372549 0.8137254901960784 0.028186274509803922 0.07516339869281045
0 0.42922794117647056 0.6062091503267973 0.044730392156862746 0.08660130718954248
0 0.20741421568627452 0.3088235294117647 0.052083333333333336 0.029411764705882353
0 0.44362745098039214 0.25531045751633985 0.03553921568627451 0.0727124183006536
0 0.36519607843137253 0.07475490196078431 0.028186274509803922 0.06944444444444445
0 0.43045343137254904 0.0988562091503268 0.02389705882352941 0.08169934640522876
0 0.5925245098039216 0.20710784313725492 0.05392156862745098 0.04493464052287582
0 0.7858455882352942 0.0363562091503268 0.06678921568627451 0.031862745098039214
0 0.27849264705882354 0.36887254901960786 0.04840686274509804 0.05473856209150327
0 0.35753676470588236 0.38480392156862747 0.05821078431372549 0.03758169934640523
0 0.4803921568627451 0.8235294117647058 0.03799019607843137 0.09967320261437909
0 0.2536764705882353 0.4758986928104575 0.0392156862745098 0.07761437908496732
0 0.0352328431372549 0.3868464052287582 0.034926470588235295 0.0727124183006536