0 0.8667279411764706 0.046977124183006536 0.018995098039215685 0.07434640522875817
0 0.20649509803921567 0.17116013071895425 0.04411764705882353 0.028594771241830064
0 0.5600490196078431 0.3116830065359477 0.07352941176470588 0.03022875816993464
0 0.3560049019607843 0.6425653594771242 0.041666666666666664 0.02696078431372549
0 0.7610294117647058 0.6070261437908496 0.04044117647058824 0.04084967320261438
0 0.2806372549019608 0.3762254901960784 0.030637254901960783 0.06454248366013073
0 0.6430759803921569 0.12254901960784313 0.05698529411764706 0.049019607843137254
0 0.6550245098039216 0.5404411764705882 0.03799019607843137 0.0857843137254902
0 0.9280024509803921 0.5608660130718954 0.02267156862745098 0.06290849673202614
0 0.7365196078431373 0.5608660130718954 0.029411764705882353 0.06944444444444445
0 0.05912990196078431 0.06495098039215687 0.027573529411764705 0.07924836601307189
0 0.1130514705882353 0.03022875816993464 0.11213235294117647 0.04738562091503268
0 0.40318627450980393 0.6282679738562091 0.04534313725490196 0.049019607843137254