0 0.176471 0.901961 0.039216 0.050654
0 0.180760 0.949346 0.023284 0.050654
0 0.416054 0.701389 0.033088 0.058007
0 0.392463 0.490605 0.049632 0.046569
0 0.851409 0.962827 0.026348 0.061275
0 0.756127 0.911765 0.035539 0.052288
0 0.483762 0.498366 0.021446 0.042484
0 0.506740 0.468546 0.037990 0.033497
0 0.904412 0.217729 0.069853 0.040033
0 0.694853 0.964869 0.039216 0.050654
0 0.685355 0.917484 0.020221 0.044118
0 0.532475 0.409314 0.025735 0.040850
0 0.548713 0.397467 0.011642 0.054739
0 0.687194 0.781454 0.032475 0.064542
