0 0.30392156862745096 0.5870098039215687 0.0392156862745098 0.04003267973856209
0 0.4736519607843137 0.8357843137254902 0.03676470588235294 0.0392156862745098
0 0.553921568627451 0.027777777777777776 0.030637254901960783 0.05228758169934641
0 0.9800857843137255 0.7716503267973857 0.03860294117647059 0.035130718954248366
0 0.7169117647058824 0.08169934640522876 0.03553921568627451 0.0457516339869281
0 0.8428308823529411 0.36887254901960786 0.03125 0.025326797385620915
0 0.47457107843137253 0.7250816993464052 0.028799019607843136 0.03349673202614379
0 0.40318627450980393 0.48733660130718953 0.03308823529411765 0.03022875816993464
0 0.49417892156862747 0.22916666666666666 0.027573529411764705 0.03022875816993464
0 0.6681985294117647 0.24877450980392157 0.02144607843137255 0.018790849673202614
0 0.7233455882352942 0.9219771241830066 0.02022058823529412 0.028594771241830064
0 0.7800245098039216 0.23080065359477125 0.03308823529411765 0.03022875816993464