0 0.349877 0.803513 0.042892 0.044935
0 0.442708 0.738562 0.043505 0.034314
0 0.442402 0.770833 0.052696 0.036765
0 0.802390 0.594363 0.031250 0.038399
0 0.879596 0.706699 0.021446 0.060458
0 0.441483 0.550245 0.043505 0.028595
0 0.312194 0.549020 0.037377 0.065359
0 0.142770 0.751634 0.035539 0.052288
0 0.538909 0.391340 0.023897 0.088235
0 0.722120 0.488971 0.060662 0.043301
0 0.788297 0.541667 0.026348 0.057190
0 0.653186 0.525327 0.046569 0.029412
0 0.364583 0.633170 0.031863 0.058824
0 0.067402 0.924020 0.041667 0.040850
0 0.677696 0.303922 0.047794 0.044118
0 0.727635 0.122549 0.033701 0.073529
0 0.935662 0.177288 0.060049 0.063725
0 0.327819 0.432598 0.052696 0.028595
0 0.236213 0.176062 0.042279 0.079248
0 0.140931 0.567402 0.036765 0.066176
0 0.195772 0.879085 0.027574 0.052288
0 0.510417 0.448529 0.061275 0.029412
0 0.423407 0.435458 0.040441 0.052288
0 0.107843 0.758987 0.023284 0.053922
