0 0.237944 0.531645 0.116639 0.067961
0 0.288970 0.832614 0.072902 0.079611
0 0.417276 0.679222 0.058323 0.079611
0 0.110369 0.239411 0.048114 0.081548
0 0.162857 0.175334 0.097683 0.062141
0 0.315216 0.284073 0.049569 0.066015
0 0.668051 0.759805 0.102060 0.151455
0 0.868528 0.550093 0.083111 0.128156
0 0.956736 0.469509 0.084565 0.118443
0 0.933406 0.960482 0.069986 0.079036
0 0.978368 0.714171 0.043264 0.071844
0 0.676072 0.532618 0.103514 0.139805
0 0.520066 0.382132 0.123932 0.238832
0 0.244506 0.465630 0.056862 0.091260
