0 0.05238970588235294 0.16584967320261437 0.026348039215686275 0.05228758169934641
0 0.4273897058823529 0.33619281045751637 0.03002450980392157 0.059640522875817
0 0.39981617647058826 0.2034313725490196 0.03370098039215686 0.04738562091503268
0 0.4227941176470588 0.15604575163398693 0.05392156862745098 0.03758169934640523
0 0.758578431372549 0.4542483660130719 0.020833333333333332 0.05228758169934641
0 0.7567401960784313 0.3227124183006536 0.024509803921568627 0.06699346405228758
0 0.7147671568627451 0.28145424836601307 0.026348039215686275 0.07924836601307189
0 0.20557598039215685 0.8026960784313726 0.05943627450980392 0.031862745098039214
0 0.27175245098039214 0.752859477124183 0.027573529411764705 0.0727124183006536
0 0.3014705882352941 0.764297385620915 0.024509803921568627 0.06944444444444445
0 0.5759803921568627 0.9093137254901961 0.03553921568627451 0.04738562091503268
0 0.600796568627451 0.8545751633986928 0.037377450980392156 0.05718954248366013
0 0.7576593137254902 0.0951797385620915 0.04105392156862745 0.04493464052287582
0 0.7420343137254902 0.14215686274509803 0.05024509803921569 0.04411764705882353
0 0.7922794117647058 0.21323529411764705 0.029411764705882353 0.042483660130718956
0 0.7977941176470589 0.18668300653594772 0.03308823529411765 0.028594771241830064