0 0.401348 0.287582 0.044118 0.083333
0 0.672488 0.394199 0.041054 0.098856
0 0.743873 0.290850 0.064951 0.045752
0 0.767463 0.158905 0.058211 0.048203
0 0.945772 0.150327 0.060662 0.073529
0 0.909620 0.754902 0.056985 0.055556
0 0.393382 0.800245 0.075980 0.035131
0 0.207721 0.529820 0.039216 0.077614
0 0.105086 0.789216 0.082721 0.053922
0 0.030025 0.183824 0.056373 0.037582
0 0.824449 0.496732 0.053309 0.062092
0 0.872549 0.150327 0.047794 0.044118
0 0.121630 0.456291 0.065564 0.038399
0 0.326287 0.042892 0.077819 0.079248
0 0.162071 0.537173 0.076593 0.015523
0 0.824449 0.981618 0.047181 0.033497
