0 0.263480 0.688317 0.025735 0.077614
0 0.281863 0.792075 0.023284 0.066176
0 0.430453 0.647876 0.033701 0.084967
0 0.238358 0.063317 0.042892 0.071078
0 0.560049 0.352124 0.018382 0.047386
0 0.482230 0.783497 0.029412 0.058824
0 0.371017 0.377042 0.033701 0.022059
0 0.423100 0.124183 0.023897 0.045752
0 0.578738 0.137255 0.071691 0.071895
0 0.443321 0.718954 0.036152 0.052288
0 0.576900 0.678105 0.048407 0.057190
0 0.390625 0.696895 0.074142 0.089869
0 0.375613 0.436275 0.036765 0.062092
0 0.395221 0.377859 0.023284 0.062908
0 0.510723 0.053105 0.014093 0.039216
0 0.494792 0.465686 0.085172 0.019608
0 0.569853 0.370098 0.036765 0.022876
