0 0.12959558823529413 0.2883986928104575 0.02389705882352941 0.05065359477124183
0 0.18443627450980393 0.2173202614379085 0.028186274509803922 0.06045751633986928
0 0.21292892156862744 0.09722222222222222 0.044730392156862746 0.05555555555555555
0 0.1881127450980392 0.4652777777777778 0.0428921568627451 0.02369281045751634
0 0.28125 0.5559640522875817 0.024509803921568627 0.07924836601307189
0 0.3857230392156863 0.48080065359477125 0.02267156862745098 0.03349673202614379
0 0.47610294117647056 0.4522058823529412 0.051470588235294115 0.02369281045751634
0 0.4963235294117647 0.7683823529411765 0.0392156862745098 0.07924836601307189
0 0.45496323529411764 0.8504901960784313 0.027573529411764705 0.05555555555555555
0 0.48192401960784315 0.9097222222222222 0.02267156862745098 0.041666666666666664
0 0.9047181372549019 0.7116013071895425 0.02389705882352941 0.06699346405228758
0 0.9375 0.7116013071895425 0.0392156862745098 0.04738562091503268
0 0.7846200980392157 0.5110294117647058 0.052083333333333336 0.04003267973856209
0 0.7310049019607843 0.6131535947712419 0.03308823529411765 0.0661764705882353
0 0.867953431372549 0.4930555555555556 0.026348039215686275 0.08905228758169935
0 0.9010416666666666 0.33905228758169936 0.02144607843137255 0.05065359477124183
0 0.850796568627451 0.2908496732026144 0.025122549019607844 0.058823529411764705
0 0.7454044117647058 0.24959150326797386 0.06678921568627451 0.03676470588235294
0 0.9577205882352942 0.18627450980392157 0.04656862745098039 0.042483660130718956
0 0.6792279411764706 0.02369281045751634 0.02022058823529412 0.04738562091503268
0 0.742953431372549 0.09844771241830065 0.03125 0.07924836601307189
0 0.13725490196078433 0.9820261437908496 0.041666666666666664 0.03431372549019608
0 0.41605392156862747 0.9836601307189542 0.03308823529411765 0.03104575163398693
0 0.08057598039215687 0.4791666666666667 0.09375 0.03349673202614379
0 0.1130514705882353 0.684640522875817 0.04963235294117647 0.03104575163398693
0 0.22365196078431374 0.24877450980392157 0.04044117647058824 0.07924836601307189
0 0.23314950980392157 0.31004901960784315 0.044730392156862746 0.03022875816993464
0 0.13143382352941177 0.10212418300653595 0.03002450980392157 0.06535947712418301
0 0.5931372549019608 0.4840686274509804 0.04779411764705882 0.04003267973856209
0 0.7971813725490197 0.8762254901960784 0.0392156862745098 0.08905228758169935