0 0.8492647058823529 0.3459967320261438 0.025735294117647058 0.07434640522875817
0 0.034926470588235295 0.06004901960784314 0.06862745098039216 0.03022875816993464
0 0.15318627450980393 0.5849673202614379 0.07107843137254902 0.03431372549019608
0 0.4482230392156863 0.04044117647058824 0.04840686274509804 0.035130718954248366
0 0.8118872549019608 0.5784313725490197 0.049019607843137254 0.05228758169934641
0 0.8489583333333334 0.6331699346405228 0.044730392156862746 0.06209150326797386
0 0.37346813725490197 0.7430555555555556 0.03370098039215686 0.0727124183006536
0 0.4834558823529412 0.47181372549019607 0.022058823529411766 0.051470588235294115
0 0.25612745098039214 0.43218954248366015 0.0784313725490196 0.032679738562091505
0 0.2653186274509804 0.5686274509803921 0.04534313725490196 0.05065359477124183
0 0.34129901960784315 0.5330882352941176 0.05269607843137255 0.07434640522875817
0 0.5349264705882353 0.1895424836601307 0.04534313725490196 0.042483660130718956
0 0.0548406862745098 0.14705882352941177 0.0741421568627451 0.05392156862745098
0 0.12745098039215685 0.14419934640522875 0.030637254901960783 0.031862745098039214