0 0.17003676470588236 0.08129084967320262 0.03002450980392157 0.06781045751633986
0 0.4724264705882353 0.09395424836601307 0.056372549019607844 0.042483660130718956
0 0.36243872549019607 0.5661764705882353 0.044730392156862746 0.06699346405228758
0 0.7466299019607843 0.6123366013071896 0.03002450980392157 0.06454248366013073
0 0.8241421568627451 0.5241013071895425 0.031862745098039214 0.07761437908496732
0 0.921875 0.9068627450980392 0.03370098039215686 0.04738562091503268
0 0.7306985294117647 0.7961601307189542 0.027573529411764705 0.05473856209150327
0 0.3287377450980392 0.8848039215686274 0.04105392156862745 0.042483660130718956
0 0.38878676470588236 0.6576797385620915 0.026348039215686275 0.07026143790849673
0 0.4525122549019608 0.7013888888888888 0.03002450980392157 0.06454248366013073
0 0.36917892156862747 0.6723856209150327 0.02267156862745098 0.05555555555555555
0 0.7460171568627451 0.9746732026143791 0.02267156862745098 0.03758169934640523
0 0.7405024509803921 0.9248366013071896 0.02389705882352941 0.058823529411764705
0 0.3336397058823529 0.3366013071895425 0.027573529411764705 0.0392156862745098
0 0.017463235294117647 0.20506535947712418 0.034926470588235295 0.042483660130718956
0 0.9047181372549019 0.2479575163398693 0.03125 0.06781045751633986