0 0.27910539215686275 0.31290849673202614 0.061887254901960786 0.04738562091503268
0 0.25582107843137253 0.2520424836601307 0.03002450980392157 0.05473856209150327
0 0.7000612745098039 0.20833333333333334 0.037377450980392156 0.04738562091503268
0 0.5916053921568627 0.28145424836601307 0.03002450980392157 0.06944444444444445
0 0.7297794117647058 0.26919934640522875 0.05269607843137255 0.025326797385620915
0 0.772671568627451 0.553921568627451 0.01838235294117647 0.0718954248366013
0 0.6354166666666666 0.8508986928104575 0.024509803921568627 0.059640522875817
0 0.07751225490196079 0.40155228758169936 0.07169117647058823 0.02696078431372549
0 0.4013480392156863 0.028594771241830064 0.03431372549019608 0.04411764705882353
0 0.27941176470588236 0.0428921568627451 0.03553921568627451 0.08251633986928104
0 0.9034926470588235 0.7377450980392157 0.028799019607843136 0.06209150326797386
0 0.5214460784313726 0.9040032679738562 0.031862745098039214 0.06454248366013073
0 0.5165441176470589 0.39950980392156865 0.029411764705882353 0.04084967320261438
0 0.3710171568627451 0.755718954248366 0.05943627450980392 0.06045751633986928
0 0.44424019607843135 0.619281045751634 0.03676470588235294 0.05065359477124183
0 0.9056372549019608 0.8035130718954249 0.03799019607843137 0.09558823529411764