0 0.31433823529411764 0.45751633986928103 0.03676470588235294 0.05555555555555555
0 0.2864583333333333 0.6535947712418301 0.02389705882352941 0.06209150326797386
0 0.15778186274509803 0.7218137254901961 0.05575980392156863 0.02369281045751634
0 0.18627450980392157 0.7022058823529411 0.02696078431372549 0.07924836601307189
0 0.4335171568627451 0.7279411764705882 0.06066176470588235 0.049019607843137254
0 0.3275122549019608 0.7553104575163399 0.05575980392156863 0.03676470588235294
0 0.21292892156862744 0.5187908496732027 0.04718137254901961 0.0457516339869281
0 0.23651960784313725 0.5416666666666666 0.012254901960784314 0.016339869281045753
0 0.4632352941176471 0.2916666666666667 0.0392156862745098 0.05718954248366013
0 0.024509803921568627 0.49264705882352944 0.029411764705882353 0.06045751633986928
0 0.9280024509803921 0.9419934640522876 0.03002450980392157 0.08986928104575163