0 0.9708946078431373 0.7928921568627451 0.02267156862745098 0.07761437908496732
0 0.8716299019607843 0.6029411764705882 0.05943627450980392 0.0457516339869281
0 0.7383578431372549 0.5747549019607843 0.025735294117647058 0.07434640522875817
0 0.6360294117647058 0.5330882352941176 0.0428921568627451 0.06781045751633986
0 0.5802696078431373 0.4354575163398693 0.030637254901960783 0.05392156862745098
0 0.6819852941176471 0.34967320261437906 0.0392156862745098 0.0457516339869281
0 0.5284926470588235 0.29616013071895425 0.02267156862745098 0.08251633986928104
0 0.4886642156862745 0.2312091503267974 0.03125 0.05392156862745098
0 0.4485294117647059 0.08619281045751634 0.03799019607843137 0.07107843137254902
0 0.09895833333333333 0.2977941176470588 0.02144607843137255 0.06290849673202614
0 0.29840686274509803 0.4387254901960784 0.03799019607843137 0.10784313725490197
0 0.45618872549019607 0.6911764705882353 0.05330882352941176 0.04738562091503268
0 0.15257352941176472 0.801062091503268 0.03799019607843137 0.05800653594771242
0 0.8915441176470589 0.20669934640522875 0.03308823529411765 0.0718954248366013
0 0.9439338235294118 0.27655228758169936 0.08272058823529412 0.04656862745098039
0 0.7086397058823529 0.068218954248366 0.03370098039215686 0.08905228758169935
0 0.4540441176470588 0.3627450980392157 0.03799019607843137 0.05065359477124183
0 0.3400735294117647 0.1388888888888889 0.0428921568627451 0.058823529411764705
0 0.5343137254901961 0.9125816993464052 0.03431372549019608 0.05718954248366013
0 0.9378063725490197 0.886437908496732 0.02389705882352941 0.049019607843137254
0 0.8511029411764706 0.8508986928104575 0.0428921568627451 0.07598039215686274
0 0.696078431372549 0.2267156862745098 0.04656862745098039 0.06290849673202614
0 0.5885416666666666 0.7549019607843137 0.044730392156862746 0.05555555555555555
0 0.1801470588235294 0.48651960784313725 0.031862745098039214 0.08905228758169935
0 0.37346813725490197 0.4199346405228758 0.026348039215686275 0.04738562091503268