0 0.8324142156862745 0.4930555555555556 0.03370098039215686 0.07924836601307189
0 0.31495098039215685 0.1744281045751634 0.0428921568627451 0.059640522875817
0 0.21568627450980393 0.28513071895424835 0.05024509803921569 0.042483660130718956
0 0.15257352941176472 0.19566993464052287 0.031862745098039214 0.09722222222222222
0 0.4172794117647059 0.45465686274509803 0.031862745098039214 0.10212418300653595
0 0.9797794117647058 0.15359477124183007 0.03676470588235294 0.06699346405228758
0 0.21568627450980393 0.8995098039215687 0.028186274509803922 0.06209150326797386
0 0.16053921568627452 0.5490196078431373 0.05024509803921569 0.042483660130718956
0 0.12683823529411764 0.5988562091503268 0.029411764705882353 0.05718954248366013
0 0.20894607843137256 0.8112745098039216 0.07475490196078431 0.05718954248366013
0 0.21691176470588236 0.8496732026143791 0.03431372549019608 0.05065359477124183
0 0.6467524509803921 0.14011437908496732 0.03125 0.09068627450980392
0 0.6878063725490197 0.6703431372549019 0.027573529411764705 0.0857843137254902
0 0.29074754901960786 0.08374183006535947 0.032475490196078434 0.07598039215686274