0 0.22549019607843138 0.505718954248366 0.0392156862745098 0.05718954248366013
0 0.22549019607843138 0.40931372549019607 0.04411764705882353 0.049019607843137254
0 0.01133578431372549 0.3827614379084967 0.02267156862745098 0.03022875816993464
0 0.03676470588235294 0.4325980392156863 0.04044117647058824 0.06290849673202614
0 0.17585784313725492 0.5910947712418301 0.03799019607843137 0.059640522875817
0 0.3805147058823529 0.6597222222222222 0.05024509803921569 0.02696078431372549
0 0.3805147058823529 0.6785130718954249 0.05514705882352941 0.018790849673202614
0 0.555453431372549 0.8954248366013072 0.02389705882352941 0.06045751633986928
0 0.4892769607843137 0.5473856209150327 0.032475490196078434 0.0457516339869281
0 0.5107230392156863 0.5441176470588235 0.02267156862745098 0.0457516339869281
0 0.8121936274509803 0.5633169934640523 0.018995098039215685 0.061274509803921566
0 0.8572303921568627 0.2679738562091503 0.025735294117647058 0.05392156862745098
0 0.9543504901960784 0.4035947712418301 0.05943627450980392 0.05555555555555555
0 0.946078431372549 0.5024509803921569 0.012254901960784314 0.016339869281045753
0 0.9718137254901961 0.5261437908496732 0.049019607843137254 0.04738562091503268
0 0.8409926470588235 0.061683006535947715 0.027573529411764705 0.07598039215686274
0 0.7619485294117647 0.11233660130718955 0.028799019607843136 0.06944444444444445
0 0.4696691176470588 0.10784313725490197 0.0545343137254902 0.05065359477124183
0 0.20710784313725492 0.318218954248366 0.03308823529411765 0.07924836601307189
0 0.6035539215686274 0.9015522875816994 0.03676470588235294 0.028594771241830064
0 0.061887254901960786 0.8709150326797386 0.04534313725490196 0.0457516339869281
0 0.5456495098039216 0.375 0.03125 0.042483660130718956
0 0.5839460784313726 0.4125816993464052 0.0428921568627451 0.0457516339869281