0 0.6905637254901961 0.3974673202614379 0.03308823529411765 0.11683006535947713
0 0.48743872549019607 0.43709150326797386 0.052083333333333336 0.06699346405228758
0 0.47518382352941174 0.5004084967320261 0.02022058823529412 0.08905228758169935
0 0.19148284313725492 0.7491830065359477 0.02389705882352941 0.07516339869281045
0 0.4730392156862745 0.252859477124183 0.05024509803921569 0.03676470588235294
0 0.9592524509803921 0.7030228758169934 0.052083333333333336 0.03022875816993464
0 0.9515931372549019 0.7716503267973857 0.024509803921568627 0.08251633986928104
0 0.9690563725490197 0.8084150326797386 0.052083333333333336 0.035130718954248366
0 0.3743872549019608 0.5972222222222222 0.04044117647058824 0.04411764705882353
0 0.48590686274509803 0.30392156862745096 0.03676470588235294 0.05065359477124183
0 0.5257352941176471 0.28022875816993464 0.0784313725490196 0.04411764705882353
0 0.0625 0.05718954248366013 0.1053921568627451 0.04411764705882353