0 0.7297794117647058 0.12459150326797386 0.022058823529411766 0.059640522875817
0 0.3480392156862745 0.38357843137254904 0.04656862745098039 0.05473856209150327
0 0.8051470588235294 0.13725490196078433 0.03553921568627451 0.04411764705882353
0 0.5459558823529411 0.24918300653594772 0.0392156862745098 0.07026143790849673
0 0.41268382352941174 0.8300653594771242 0.04105392156862745 0.03758169934640523
0 0.8541666666666666 0.08782679738562091 0.05392156862745098 0.04330065359477124
0 0.1801470588235294 0.17933006535947713 0.041666666666666664 0.031862745098039214
0 0.5039828431372549 0.9064542483660131 0.026348039215686275 0.041666666666666664
0 0.5885416666666666 0.5032679738562091 0.042279411764705885 0.0392156862745098
0 0.4641544117647059 0.30514705882352944 0.02022058823529412 0.06454248366013073
0 0.38756127450980393 0.9746732026143791 0.026348039215686275 0.04738562091503268
0 0.835171568627451 0.8198529411764706 0.03431372549019608 0.03022875816993464