0 0.280025 0.345588 0.039216 0.057190
0 0.401961 0.194853 0.030637 0.044935
0 0.595282 0.109477 0.041054 0.075163
0 0.617034 0.311275 0.030637 0.052288
0 0.810662 0.234069 0.042892 0.046569
0 0.790135 0.365605 0.027574 0.043301
0 0.274816 0.785948 0.059436 0.066993
0 0.362439 0.732026 0.075368 0.024510
0 0.404105 0.685458 0.054534 0.058824
0 0.373775 0.787173 0.044118 0.048203
0 0.311581 0.900327 0.042279 0.057190
0 0.597120 0.741830 0.034926 0.050654
0 0.902574 0.913399 0.055147 0.055556
0 0.779412 0.571487 0.029412 0.067810
0 0.035233 0.450980 0.025123 0.058824
0 0.289522 0.031454 0.022672 0.051471
0 0.640625 0.534722 0.059436 0.043301
0 0.696385 0.942810 0.036152 0.063725
0 0.541360 0.285539 0.034926 0.082516
0 0.847120 0.531046 0.058211 0.040850
0 0.756740 0.143791 0.046569 0.029412
0 0.126532 0.437092 0.080270 0.080065
0 0.466912 0.695670 0.052696 0.017157
0 0.625000 0.917484 0.077206 0.040850
