0 0.083640 0.646650 0.070466 0.041667
0 0.167279 0.500000 0.062500 0.058824
0 0.102635 0.299020 0.037377 0.055556
0 0.344056 0.328023 0.022672 0.082516
0 0.420343 0.414216 0.039216 0.102941
0 0.554534 0.388889 0.029412 0.055556
0 0.620098 0.259804 0.039216 0.037582
0 0.368566 0.130719 0.023897 0.096405
0 0.792892 0.890523 0.052696 0.066993
0 0.813113 0.100082 0.025735 0.085784
0 0.770221 0.276552 0.040441 0.046569
0 0.893382 0.149101 0.024510 0.075980
0 0.820159 0.798611 0.021446 0.062908
0 0.848958 0.753268 0.059436 0.040850
0 0.350797 0.970588 0.028799 0.052288
0 0.097733 0.793709 0.028799 0.058007
0 0.177696 0.730801 0.041667 0.040033
0 0.144608 0.235294 0.046569 0.049020
0 0.424326 0.147467 0.047181 0.038399
0 0.124694 0.125408 0.050858 0.036765
0 0.573529 0.703431 0.025735 0.063725
0 0.074449 0.904003 0.047181 0.044935
0 0.153186 0.700980 0.055147 0.031046
0 0.431373 0.612337 0.047794 0.129902
0 0.527880 0.811683 0.056985 0.089052
0 0.293505 0.258170 0.044118 0.055556
