0 0.07689950980392157 0.5040849673202614 0.044730392156862746 0.0915032679738562
0 0.5582107843137255 0.4632352941176471 0.029411764705882353 0.08496732026143791
0 0.9136029411764706 0.3214869281045752 0.061274509803921566 0.049836601307189546
0 0.21568627450980393 0.35498366013071897 0.020833333333333332 0.041666666666666664
0 0.9417892156862745 0.44076797385620914 0.0428921568627451 0.05473856209150327
0 0.8250612745098039 0.693218954248366 0.052083333333333336 0.06290849673202614
0 0.6216299019607843 0.14624183006535948 0.037377450980392156 0.05228758169934641
0 0.5674019607843137 0.2900326797385621 0.022058823529411766 0.042483660130718956
0 0.05606617647058824 0.056372549019607844 0.04105392156862745 0.08169934640522876
0 0.36243872549019607 0.4832516339869281 0.026348039215686275 0.059640522875817
0 0.19791666666666666 0.28513071895424835 0.04411764705882353 0.03758169934640523
0 0.033394607843137254 0.15236928104575165 0.04718137254901961 0.025326797385620915
0 0.6537990196078431 0.41380718954248363 0.04779411764705882 0.035130718954248366
0 0.6479779411764706 0.5008169934640523 0.03370098039215686 0.05065359477124183
0 0.34957107843137253 0.8112745098039216 0.044730392156862746 0.04738562091503268
0 0.3449754901960784 0.7712418300653595 0.04044117647058824 0.0457516339869281
0 0.4574142156862745 0.7250816993464052 0.02267156862745098 0.06781045751633986