0 0.42371323529411764 0.2406045751633987 0.037377450980392156 0.08251633986928104
0 0.5349264705882353 0.8263888888888888 0.0428921568627451 0.07434640522875817
0 0.5477941176470589 0.47794117647058826 0.0428921568627451 0.07026143790849673
0 0.5962009803921569 0.6037581699346405 0.04656862745098039 0.032679738562091505
0 0.6544117647058824 0.5927287581699346 0.031862745098039214 0.049836601307189546
0 0.7184436274509803 0.5126633986928104 0.03002450980392157 0.059640522875817
0 0.7383578431372549 0.14705882352941177 0.04656862745098039 0.10457516339869281
0 0.3314950980392157 0.09395424836601307 0.0392156862745098 0.07679738562091504
0 0.30422794117647056 0.4170751633986928 0.044730392156862746 0.051470588235294115
0 0.3008578431372549 0.6507352941176471 0.04044117647058824 0.08415032679738563
0 0.23560049019607843 0.5322712418300654 0.07169117647058823 0.028594771241830064
0 0.5101102941176471 0.6830065359477124 0.06433823529411764 0.04411764705882353
0 0.7126225490196079 0.460375816993464 0.031862745098039214 0.06454248366013073
0 0.7028186274509803 0.32107843137254904 0.03308823529411765 0.058823529411764705
0 0.7061887254901961 0.05555555555555555 0.03125 0.06372549019607843
0 0.8284313725490197 0.7867647058823529 0.07352941176470588 0.042483660130718956
0 0.9022671568627451 0.4272875816993464 0.028799019607843136 0.05228758169934641
0 0.7941176470588235 0.05473856209150327 0.028186274509803922 0.049019607843137254
0 0.35692401960784315 0.18627450980392157 0.02389705882352941 0.06535947712418301
0 0.4568014705882353 0.12622549019607843 0.0545343137254902 0.03022875816993464