0 0.3697916666666667 0.1670751633986928 0.028799019607843136 0.06454248366013073
0 0.8704044117647058 0.18382352941176472 0.05943627450980392 0.07679738562091504
0 0.7132352941176471 0.35171568627450983 0.07107843137254902 0.041666666666666664
0 0.4430147058823529 0.4660947712418301 0.049019607843137254 0.031862745098039214
0 0.18321078431372548 0.46895424836601307 0.03799019607843137 0.06372549019607843
0 0.49050245098039214 0.5641339869281046 0.06801470588235294 0.031862745098039214
0 0.6853553921568627 0.5902777777777778 0.032475490196078434 0.1184640522875817
0 0.7359068627450981 0.49673202614379086 0.030637254901960783 0.0718954248366013
0 0.25857843137254904 0.823937908496732 0.029411764705882353 0.07924836601307189
0 0.25643382352941174 0.8970588235294118 0.03002450980392157 0.05718954248366013
0 0.600796568627451 0.3868464052287582 0.05821078431372549 0.03839869281045752
0 0.46017156862745096 0.36519607843137253 0.05024509803921569 0.0392156862745098
0 0.6614583333333334 0.9383169934640523 0.025122549019607844 0.0727124183006536