0 0.057420 0.233753 0.050924 0.131066
0 0.145326 0.184393 0.069111 0.135922
0 0.302337 0.113202 0.033951 0.126219
0 0.279906 0.240222 0.049715 0.076052
0 0.295063 0.191677 0.133375 0.059870
0 0.507854 0.176307 0.086083 0.084143
0 0.514521 0.253976 0.126097 0.093846
0 0.624854 0.241033 0.060625 0.106793
0 0.764288 0.046084 0.075174 0.092169
0 0.818851 0.199773 0.046076 0.088999
0 0.804302 0.275820 0.152771 0.134310
0 0.603031 0.599444 0.084868 0.101946
0 0.775806 0.598638 0.069111 0.122984
0 0.208375 0.558994 0.069111 0.176376
0 0.126531 0.433587 0.067896 0.093846
0 0.912208 0.745079 0.048500 0.118128
0 0.951615 0.936015 0.071535 0.082521
0 0.814000 0.891515 0.055778 0.126219
