0 0.10049019607843138 0.24305555555555555 0.041666666666666664 0.06781045751633986
0 0.21997549019607843 0.5665849673202614 0.04044117647058824 0.07434640522875817
0 0.3167892156862745 0.15196078431372548 0.04656862745098039 0.03758169934640523
0 0.2533700980392157 0.10866013071895425 0.042279411764705885 0.05555555555555555
0 0.35202205882352944 0.184640522875817 0.018995098039215685 0.042483660130718956
0 0.3863357843137255 0.2332516339869281 0.026348039215686275 0.07598039215686274
0 0.3177083333333333 0.5490196078431373 0.02389705882352941 0.042483660130718956
0 0.40471813725490197 0.11968954248366014 0.025122549019607844 0.04003267973856209
0 0.8382352941176471 0.494281045751634 0.03308823529411765 0.03758169934640523
0 0.8023897058823529 0.7561274509803921 0.04963235294117647 0.031862745098039214
0 0.8480392156862745 0.5706699346405228 0.04411764705882353 0.0661764705882353