0 0.9681372549019608 0.41911764705882354 0.04411764705882353 0.06862745098039216
0 0.694546568627451 0.3582516339869281 0.05698529411764706 0.03839869281045752
0 0.5995710784313726 0.02696078431372549 0.06066176470588235 0.05065359477124183
0 0.19975490196078433 0.04861111111111111 0.030637254901960783 0.08088235294117647
0 0.13143382352941177 0.04616013071895425 0.02267156862745098 0.035130718954248366
0 0.15410539215686275 0.06413398692810457 0.03002450980392157 0.03676470588235294
0 0.14705882352941177 0.11397058823529412 0.041666666666666664 0.03839869281045752
0 0.027573529411764705 0.14787581699346405 0.030637254901960783 0.05228758169934641
0 0.34957107843137253 0.3668300653594771 0.02389705882352941 0.06209150326797386
0 0.46078431372549017 0.4791666666666667 0.03431372549019608 0.07761437908496732
0 0.1173406862745098 0.46486928104575165 0.06801470588235294 0.05555555555555555
0 0.45557598039215685 0.6156045751633987 0.018995098039215685 0.02696078431372549
0 0.4574142156862745 0.6642156862745098 0.02267156862745098 0.05392156862745098
0 0.38480392156862747 0.7732843137254902 0.031862745098039214 0.06944444444444445
0 0.34558823529411764 0.9428104575163399 0.03676470588235294 0.05392156862745098
0 0.5018382352941176 0.9820261437908496 0.0428921568627451 0.03431372549019608
0 0.5557598039215687 0.9718137254901961 0.02696078431372549 0.05473856209150327
0 0.9439338235294118 0.7908496732026143 0.03125 0.08496732026143791
0 0.7800245098039216 0.7663398692810458 0.03308823529411765 0.06535947712418301
0 0.741421568627451 0.9783496732026143 0.04411764705882353 0.041666666666666664
0 0.9724264705882353 0.9150326797385621 0.03799019607843137 0.09313725490196079
0 0.6976102941176471 0.5477941176470589 0.018995098039215685 0.03349673202614379
0 0.6902573529411765 0.5910947712418301 0.02022058823529412 0.03839869281045752
0 0.06985294117647059 0.056372549019607844 0.03431372549019608 0.058823529411764705
0 0.5177696078431373 0.5784313725490197 0.024509803921568627 0.07026143790849673