0 0.8042279411764706 0.2977941176470588 0.03370098039215686 0.09722222222222222
0 0.21200980392156862 0.1670751633986928 0.03553921568627451 0.08415032679738563
0 0.22058823529411764 0.9444444444444444 0.06372549019607843 0.03758169934640523
0 0.6265318627450981 0.4591503267973856 0.08394607843137254 0.032679738562091505
0 0.4957107843137255 0.41299019607843135 0.07230392156862746 0.05473856209150327
0 0.6991421568627451 0.13316993464052287 0.03553921568627451 0.05718954248366013
0 0.4675245098039216 0.6062091503267973 0.05759803921568627 0.05718954248366013
0 0.053002450980392156 0.4199346405228758 0.05821078431372549 0.027777777777777776
0 0.6099877450980392 0.48937908496732024 0.04718137254901961 0.05065359477124183
0 0.7236519607843137 0.09313725490196079 0.041666666666666664 0.05065359477124183
0 0.8363970588235294 0.8357843137254902 0.03431372549019608 0.06209150326797386
0 0.7162990196078431 0.8316993464052288 0.03431372549019608 0.04738562091503268
0 0.9188112745098039 0.8439542483660131 0.026348039215686275 0.06862745098039216
0 0.7928921568627451 0.7079248366013072 0.03308823529411765 0.07761437908496732
0 0.10753676470588236 0.24632352941176472 0.06066176470588235 0.04003267973856209