0 0.7634803921568627 0.7704248366013072 0.022058823529411766 0.06209150326797386
0 0.7138480392156863 0.4665032679738562 0.020833333333333332 0.05228758169934641
0 0.5579044117647058 0.3611111111111111 0.037377450980392156 0.07516339869281045
0 0.2803308823529412 0.6086601307189542 0.037377450980392156 0.07679738562091504
0 0.6819852941176471 0.056372549019607844 0.0392156862745098 0.08169934640522876
0 0.5778186274509803 0.8872549019607843 0.03553921568627451 0.06209150326797386
0 0.8633578431372549 0.44812091503267976 0.05392156862745098 0.025326797385620915
0 0.21752450980392157 0.47671568627450983 0.0392156862745098 0.12663398692810457
0 0.41911764705882354 0.24183006535947713 0.05392156862745098 0.03431372549019608
0 0.21446078431372548 0.8255718954248366 0.0392156862745098 0.035130718954248366
0 0.22947303921568626 0.7741013071895425 0.02389705882352941 0.02696078431372549
0 0.8851102941176471 0.7328431372549019 0.04595588235294118 0.03594771241830065
0 0.8685661764705882 0.4019607843137255 0.03002450980392157 0.05555555555555555
0 0.8382352941176471 0.7810457516339869 0.030637254901960783 0.04411764705882353
0 0.9742647058823529 0.39133986928104575 0.04411764705882353 0.03758169934640523
0 0.3753063725490196 0.3349673202614379 0.06556372549019608 0.058823529411764705