0 0.577512 0.602533 0.030025 0.048203
0 0.442402 0.450163 0.025735 0.055556
0 0.286765 0.534314 0.019608 0.052288
0 0.292892 0.653595 0.025735 0.063725
0 0.702512 0.284314 0.023897 0.068627
0 0.767157 0.221814 0.036765 0.090686
0 0.847120 0.044118 0.061887 0.044118
0 0.365196 0.140523 0.028186 0.037582
0 0.022365 0.137663 0.033701 0.079248
0 0.640931 0.621732 0.045343 0.076797
0 0.727635 0.205882 0.028799 0.063725
0 0.782782 0.105392 0.032475 0.049020
0 0.650429 0.149510 0.023897 0.042484
0 0.678922 0.158905 0.035539 0.035131
0 0.621017 0.079248 0.042279 0.052288
0 0.704350 0.069444 0.018995 0.088235
0 0.346507 0.876634 0.031250 0.044118
