0 0.165748 0.100490 0.120711 0.039216
0 0.044730 0.255719 0.051471 0.044118
0 0.155944 0.442402 0.042279 0.031863
0 0.189645 0.470588 0.042279 0.040850
0 0.467831 0.433415 0.063113 0.036765
0 0.327819 0.591912 0.084559 0.084150
0 0.393995 0.835376 0.036765 0.082516
0 0.674632 0.938725 0.039216 0.099673
0 0.739583 0.846405 0.083333 0.034314
0 0.765012 0.708333 0.050858 0.047386
0 0.871936 0.706699 0.039216 0.040850
0 0.939645 0.709150 0.063113 0.068627
0 0.981311 0.432598 0.036152 0.048203
0 0.888174 0.048203 0.059436 0.062092
0 0.414522 0.203431 0.053309 0.045752
0 0.970588 0.099265 0.041667 0.033497
0 0.147672 0.240196 0.042892 0.049020
0 0.187500 0.236928 0.031863 0.029412
0 0.206495 0.282680 0.029412 0.052288
0 0.639706 0.370098 0.062500 0.031046
0 0.622549 0.377451 0.045343 0.062092
0 0.615809 0.342320 0.037990 0.042484
0 0.298713 0.634395 0.033701 0.043301
0 0.258578 0.582925 0.031863 0.053105
0 0.795956 0.897467 0.066176 0.054739
0 0.959559 0.975490 0.045343 0.049020
