0 0.1210171568627451 0.9166666666666666 0.05575980392156863 0.05555555555555555
0 0.1332720588235294 0.8541666666666666 0.06678921568627451 0.059640522875817
0 0.13878676470588236 0.7054738562091504 0.05330882352941176 0.0857843137254902
0 0.30453431372549017 0.6380718954248366 0.0428921568627451 0.0457516339869281
0 0.23192401960784315 0.4452614379084967 0.03615196078431373 0.06699346405228758
0 0.39705882352941174 0.4652777777777778 0.030637254901960783 0.09068627450980392
0 0.4007352941176471 0.34068627450980393 0.025735294117647058 0.06045751633986928
0 0.3324142156862745 0.2883986928104575 0.05575980392156863 0.06699346405228758
0 0.5854779411764706 0.9166666666666666 0.02022058823529412 0.05555555555555555
0 0.6075367647058824 0.8852124183006536 0.028799019607843136 0.06781045751633986
0 0.6449142156862745 0.8852124183006536 0.027573529411764705 0.07107843137254902
0 0.6853553921568627 0.8304738562091504 0.027573529411764705 0.07924836601307189
0 0.7132352941176471 0.8921568627450981 0.05024509803921569 0.07026143790849673
0 0.8492647058823529 0.9052287581699346 0.041666666666666664 0.05392156862745098
0 0.8676470588235294 0.823937908496732 0.03553921568627451 0.08905228758169935
0 0.5309436274509803 0.47058823529411764 0.05330882352941176 0.05065359477124183
0 0.9077818627450981 0.47549019607843135 0.027573529411764705 0.06699346405228758
0 0.8321078431372549 0.08700980392156862 0.03553921568627451 0.07598039215686274
0 0.8636642156862745 0.11887254901960784 0.027573529411764705 0.0661764705882353
0 0.7018995098039216 0.6511437908496732 0.0508578431372549 0.06372549019607843
0 0.4803921568627451 0.21568627450980393 0.030637254901960783 0.05392156862745098
0 0.32107843137254904 0.037173202614379085 0.025735294117647058 0.06454248366013073
0 0.5284926470588235 0.9003267973856209 0.034926470588235295 0.04084967320261438
0 0.0625 0.1568627450980392 0.07720588235294118 0.06372549019607843
0 0.08272058823529412 0.24509803921568626 0.0392156862745098 0.10620915032679738