0 0.671875 0.9285130718954249 0.06311274509803921 0.035130718954248366
0 0.19454656862745098 0.30923202614379086 0.04105392156862745 0.059640522875817
0 0.26256127450980393 0.08251633986928104 0.05821078431372549 0.06045751633986928
0 0.24387254901960784 0.3386437908496732 0.061274509803921566 0.09395424836601307
0 0.7420343137254902 0.5065359477124183 0.05392156862745098 0.05228758169934641
0 0.19148284313725492 0.4493464052287582 0.03125 0.09640522875816994
0 0.9154411764705882 0.7581699346405228 0.0661764705882353 0.05228758169934641
0 0.8581495098039216 0.24101307189542484 0.05943627450980392 0.04738562091503268
0 0.07628676470588236 0.7773692810457516 0.028799019607843136 0.061274509803921566
0 0.4810049019607843 0.9648692810457516 0.03431372549019608 0.04411764705882353
0 0.18382352941176472 0.9366830065359477 0.04411764705882353 0.035130718954248366
0 0.36213235294117646 0.9272875816993464 0.02696078431372549 0.05718954248366013