0 0.4632352941176471 0.17851307189542484 0.029411764705882353 0.08741830065359477
0 0.28737745098039214 0.1772875816993464 0.041666666666666664 0.06045751633986928
0 0.3290441176470588 0.12826797385620914 0.041666666666666664 0.05065359477124183
0 0.36642156862745096 0.21650326797385622 0.04044117647058824 0.049019607843137254
0 0.6354166666666666 0.4415849673202614 0.051470588235294115 0.07434640522875817
0 0.7006740196078431 0.48080065359477125 0.05330882352941176 0.03022875816993464
0 0.6338848039215687 0.5580065359477124 0.026348039215686275 0.05718954248366013
0 0.7156862745098039 0.6053921568627451 0.012254901960784314 0.016339869281045753
0 0.7264093137254902 0.6384803921568627 0.02144607843137255 0.0661764705882353
0 0.8477328431372549 0.5808823529411765 0.04963235294117647 0.042483660130718956
0 0.8725490196078431 0.8084150326797386 0.030637254901960783 0.12009803921568628
0 0.796875 0.7438725490196079 0.02022058823529412 0.06781045751633986
0 0.8149509803921569 0.7455065359477124 0.02696078431372549 0.08088235294117647
0 0.8244485294117647 0.8312908496732027 0.025122549019607844 0.06454248366013073
0 0.8060661764705882 0.869281045751634 0.02389705882352941 0.0718954248366013
0 0.021139705882352942 0.2704248366013072 0.027573529411764705 0.049019607843137254
0 0.8250612745098039 0.9325980392156863 0.03615196078431373 0.04330065359477124
0 0.8305759803921569 0.8995098039215687 0.025122549019607844 0.042483660130718956
0 0.6415441176470589 0.630718954248366 0.041666666666666664 0.06045751633986928