0 0.6170343137254902 0.6078431372549019 0.03553921568627451 0.05228758169934641
0 0.48223039215686275 0.815359477124183 0.07720588235294118 0.03594771241830065
0 0.6473651960784313 0.9399509803921569 0.02267156862745098 0.07924836601307189
0 0.44577205882352944 0.9799836601307189 0.028799019607843136 0.03676470588235294
0 0.7751225490196079 0.6940359477124183 0.028186274509803922 0.0727124183006536
0 0.7941176470588235 0.5049019607843137 0.04044117647058824 0.05555555555555555
0 0.7144607843137255 0.5445261437908496 0.03308823529411765 0.07761437908496732
0 0.8492647058823529 0.43423202614379086 0.031862745098039214 0.11683006535947713
0 0.9712009803921569 0.46119281045751637 0.03553921568627451 0.06944444444444445
0 0.6397058823529411 0.1895424836601307 0.03308823529411765 0.05555555555555555
0 0.850796568627451 0.6544117647058824 0.05821078431372549 0.04738562091503268