0 0.4332107843137255 0.7949346405228758 0.03308823529411765 0.05718954248366013
0 0.42922794117647056 0.9358660130718954 0.04105392156862745 0.04493464052287582
0 0.8305759803921569 0.8063725490196079 0.026348039215686275 0.049019607843137254
0 0.7297794117647058 0.8202614379084967 0.025735294117647058 0.0718954248366013
0 0.7579656862745098 0.7120098039215687 0.06740196078431372 0.06944444444444445
0 0.5523897058823529 0.5404411764705882 0.04105392156862745 0.05473856209150327
0 0.6899509803921569 0.9297385620915033 0.0392156862745098 0.03758169934640523
0 0.5171568627450981 0.0784313725490196 0.056372549019607844 0.05228758169934641
0 0.5098039215686274 0.16830065359477125 0.06740196078431372 0.032679738562091505
0 0.4564950980392157 0.3300653594771242 0.04656862745098039 0.06699346405228758
0 0.8651960784313726 0.16830065359477125 0.05024509803921569 0.03758169934640523
0 0.14981617647058823 0.29125816993464054 0.04105392156862745 0.049836601307189546
0 0.5036764705882353 0.3819444444444444 0.03676470588235294 0.06944444444444445
0 0.6271446078431373 0.1568627450980392 0.037377450980392156 0.05065359477124183
0 0.8731617647058824 0.9562908496732027 0.02696078431372549 0.06781045751633986
0 0.18504901960784315 0.8194444444444444 0.031862745098039214 0.05065359477124183