0 0.8642769607843137 0.5886437908496732 0.03370098039215686 0.07761437908496732
0 0.9629289215686274 0.3410947712418301 0.02267156862745098 0.08415032679738563
0 0.8584558823529411 0.28799019607843135 0.029411764705882353 0.10702614379084967
0 0.6403186274509803 0.48080065359477125 0.029411764705882353 0.059640522875817
0 0.6084558823529411 0.5314542483660131 0.022058823529411766 0.06781045751633986
0 0.7000612745098039 0.6446078431372549 0.04840686274509804 0.08986928104575163
0 0.5569852941176471 0.7851307189542484 0.03553921568627451 0.06209150326797386
0 0.3118872549019608 0.3762254901960784 0.025735294117647058 0.05473856209150327
0 0.39307598039215685 0.5915032679738562 0.027573529411764705 0.06699346405228758
0 0.3128063725490196 0.7593954248366013 0.03860294117647059 0.049836601307189546
0 0.5664828431372549 0.9056372549019608 0.02022058823529412 0.05473856209150327
0 0.6047794117647058 0.9117647058823529 0.022058823529411766 0.05718954248366013
0 0.585171568627451 0.9133986928104575 0.020833333333333332 0.06535947712418301
0 0.22794117647058823 0.6719771241830066 0.014705882352941176 0.08415032679738563
0 0.20649509803921567 0.6609477124183006 0.0392156862745098 0.05718954248366013
0 0.13143382352941177 0.8145424836601307 0.027573529411764705 0.08823529411764706
0 0.028799019607843136 0.7691993464052288 0.030637254901960783 0.08741830065359477
0 0.1636029411764706 0.7504084967320261 0.022058823529411766 0.08741830065359477
0 0.1712622549019608 0.7009803921568627 0.03125 0.05228758169934641
0 0.49754901960784315 0.6053921568627451 0.04656862745098039 0.07026143790849673