0 0.8155637254901961 0.05024509803921569 0.07107843137254902 0.04493464052287582
0 0.9739583333333334 0.10988562091503268 0.04105392156862745 0.08415032679738563
0 0.08425245098039216 0.08374183006535947 0.026348039215686275 0.0923202614379085
0 0.15349264705882354 0.7532679738562091 0.044730392156862746 0.05228758169934641
0 0.36703431372549017 0.7193627450980392 0.03553921568627451 0.05473856209150327
0 0.40900735294117646 0.9285130718954249 0.05575980392156863 0.04003267973856209
0 0.5042892156862745 0.11315359477124183 0.03553921568627451 0.09068627450980392
0 0.5600490196078431 0.068218954248366 0.04044117647058824 0.0923202614379085
0 0.12622549019607843 0.5061274509803921 0.028186274509803922 0.07107843137254902
0 0.9178921568627451 0.20915032679738563 0.03799019607843137 0.07026143790849673
0 0.8278186274509803 0.5588235294117647 0.03676470588235294 0.0457516339869281
0 0.8137254901960784 0.6299019607843137 0.0392156862745098 0.049019607843137254
0 0.6663602941176471 0.5702614379084967 0.07536764705882353 0.04411764705882353
0 0.17708333333333334 0.6940359477124183 0.03553921568627451 0.0661764705882353
0 0.8673406862745098 0.9669117647058824 0.027573529411764705 0.06454248366013073
0 0.3471200980392157 0.46282679738562094 0.026348039215686275 0.04493464052287582