0 0.835172 0.443219 0.039216 0.074346
0 0.381434 0.275327 0.025123 0.081699
0 0.280025 0.220180 0.063725 0.043301
0 0.678309 0.174020 0.028186 0.063725
0 0.206189 0.867239 0.054534 0.082516
0 0.042279 0.444444 0.050245 0.066993
0 0.861520 0.718137 0.050245 0.047386
0 0.881740 0.758987 0.024510 0.073529
0 0.988664 0.838644 0.021446 0.054739
0 0.286458 0.020016 0.028799 0.038399
0 0.324142 0.752451 0.028186 0.083333
0 0.831495 0.622549 0.034314 0.050654
0 0.806985 0.557598 0.056373 0.069444
0 0.795037 0.455474 0.036152 0.064542
0 0.015319 0.162582 0.029412 0.065359
0 0.014093 0.327206 0.026961 0.058007
0 0.046875 0.870915 0.041054 0.055556
0 0.602635 0.273693 0.052083 0.026144
0 0.617341 0.235294 0.043505 0.062092
0 0.309130 0.742647 0.017770 0.060458
0 0.865502 0.605392 0.034926 0.034314
