0 0.45557598039215685 0.5326797385620915 0.037377450980392156 0.10457516339869281
0 0.6608455882352942 0.3276143790849673 0.037377450980392156 0.09640522875816994
0 0.15900735294117646 0.05759803921568627 0.06311274509803921 0.059640522875817
0 0.5814950980392157 0.11233660130718955 0.020833333333333332 0.05473856209150327
0 0.5916053921568627 0.12336601307189543 0.04105392156862745 0.032679738562091505
0 0.3900122549019608 0.21446078431372548 0.03370098039215686 0.025326797385620915
0 0.7512254901960784 0.7406045751633987 0.05759803921568627 0.02696078431372549
0 0.8140318627450981 0.7544934640522876 0.044730392156862746 0.059640522875817
0 0.8232230392156863 0.7095588235294118 0.044730392156862746 0.04003267973856209
0 0.8884803921568627 0.934640522875817 0.022058823529411766 0.0718954248366013
0 0.30330882352941174 0.6037581699346405 0.028186274509803922 0.09640522875816994
0 0.12806372549019607 0.21323529411764705 0.031862745098039214 0.0457516339869281
0 0.07996323529411764 0.24142156862745098 0.0545343137254902 0.03022875816993464