0 0.40441176470588236 0.17320261437908496 0.024509803921568627 0.06699346405228758
0 0.3278186274509804 0.3374183006535948 0.0392156862745098 0.04738562091503268
0 0.49295343137254904 0.4383169934640523 0.04840686274509804 0.04003267973856209
0 0.6513480392156863 0.09763071895424837 0.022058823529411766 0.049836601307189546
0 0.6963848039215687 0.315359477124183 0.04105392156862745 0.042483660130718956
0 0.25765931372549017 0.1597222222222222 0.05943627450980392 0.05473856209150327
0 0.4950980392156863 0.33578431372549017 0.029411764705882353 0.06699346405228758
0 0.7876838235294118 0.26633986928104575 0.025122549019607844 0.05065359477124183
0 0.6133578431372549 0.09803921568627451 0.03799019607843137 0.04411764705882353
0 0.4485294117647059 0.04411764705882353 0.04044117647058824 0.05392156862745098
0 0.6752450980392157 0.9493464052287581 0.03553921568627451 0.06372549019607843