0 0.3805147058823529 0.4791666666666667 0.05514705882352941 0.07434640522875817
0 0.4007352941176471 0.6205065359477124 0.05514705882352941 0.08088235294117647
0 0.4684436274509804 0.6147875816993464 0.026348039215686275 0.041666666666666664
0 0.6194852941176471 0.6258169934640523 0.025735294117647058 0.05392156862745098
0 0.7113970588235294 0.627859477124183 0.03431372549019608 0.07924836601307189
0 0.7420343137254902 0.5453431372549019 0.04534313725490196 0.08905228758169935
0 0.71875 0.45179738562091504 0.0392156862745098 0.06045751633986928
0 0.8036151960784313 0.19648692810457516 0.028799019607843136 0.04820261437908497
0 0.8416053921568627 0.24959150326797386 0.028799019607843136 0.05473856209150327
0 0.9065563725490197 0.20833333333333334 0.02022058823529412 0.0718954248366013
0 0.18382352941176472 0.5236928104575164 0.03676470588235294 0.032679738562091505
0 0.2104779411764706 0.7152777777777778 0.03125 0.07434640522875817
0 0.4381127450980392 0.9342320261437909 0.031862745098039214 0.07761437908496732
0 0.6142769607843137 0.7757352941176471 0.025122549019607844 0.05473856209150327
0 0.6204044117647058 0.6756535947712419 0.02389705882352941 0.06209150326797386
0 0.5045955882352942 0.45874183006535946 0.05821078431372549 0.02696078431372549
0 0.17432598039215685 0.9628267973856209 0.04350490196078431 0.061274509803921566
0 0.30330882352941174 0.10375816993464053 0.03553921568627451 0.06209150326797386
0 0.041666666666666664 0.5347222222222222 0.030637254901960783 0.06781045751633986
0 0.5425857843137255 0.7438725490196079 0.017769607843137254 0.06454248366013073
0 0.8002450980392157 0.10620915032679738 0.03553921568627451 0.05392156862745098