0 0.113477 0.504787 0.072700 0.097081
0 0.518161 0.074365 0.046037 0.090621
0 0.638112 0.328411 0.043622 0.067961
0 0.612668 0.400417 0.048459 0.066339
0 0.683550 0.474041 0.064212 0.080908
0 0.758668 0.505593 0.061790 0.095468
0 0.708387 0.376145 0.055732 0.079296
0 0.907700 0.431969 0.042408 0.051779
0 0.893765 0.495885 0.082394 0.085765
0 0.653258 0.705436 0.098147 0.116506
0 0.766544 0.662553 0.113893 0.053392
0 0.895583 0.814657 0.098147 0.127831
0 0.360649 0.906891 0.067849 0.082530
0 0.782297 0.936826 0.043622 0.042067
