0 0.610907 0.470997 0.037990 0.062908
0 0.405025 0.601716 0.029412 0.054739
0 0.368566 0.792892 0.054534 0.028595
0 0.566483 0.763480 0.050858 0.064542
0 0.378064 0.127042 0.028186 0.085784
0 0.375613 0.023284 0.031863 0.038399
0 0.336091 0.027778 0.025123 0.045752
0 0.155944 0.832108 0.044730 0.035131
0 0.243873 0.624592 0.037990 0.023693
0 0.311581 0.804739 0.028799 0.045752
0 0.650123 0.756127 0.046569 0.048203
0 0.712929 0.848856 0.112132 0.062092
0 0.744179 0.885212 0.053309 0.031863
0 0.650735 0.378676 0.046569 0.044935
0 0.780944 0.088235 0.034926 0.042484
0 0.970588 0.960784 0.023284 0.050654
0 0.984988 0.637663 0.030025 0.026961
