0 0.6461397058823529 0.15359477124183007 0.05821078431372549 0.04084967320261438
0 0.9090073529411765 0.7986111111111112 0.025122549019607844 0.031862745098039214
0 0.9433210784313726 0.6462418300653595 0.027573529411764705 0.05392156862745098
0 0.7392769607843137 0.5220588235294118 0.018995098039215685 0.0457516339869281
0 0.47579656862745096 0.7728758169934641 0.026348039215686275 0.05555555555555555
0 0.38449754901960786 0.5396241830065359 0.025122549019607844 0.03022875816993464
0 0.5143995098039216 0.7046568627450981 0.025122549019607844 0.03022875816993464
0 0.8293504901960784 0.7892156862745098 0.017769607843137254 0.03758169934640523
0 0.41268382352941174 0.35661764705882354 0.02389705882352941 0.04493464052287582
0 0.5131740196078431 0.05923202614379085 0.02267156862745098 0.03349673202614379
0 0.5364583333333334 0.0718954248366013 0.018995098039215685 0.011437908496732025
0 0.42463235294117646 0.8615196078431373 0.03553921568627451 0.02369281045751634
0 0.11182598039215687 0.7973856209150327 0.05698529411764706 0.04738562091503268
0 0.5416666666666666 0.14665032679738563 0.02696078431372549 0.03676470588235294
0 0.7227328431372549 0.2565359477124183 0.018995098039215685 0.04738562091503268
0 0.4892769607843137 0.2630718954248366 0.037377450980392156 0.03104575163398693
0 0.5327818627450981 0.3415032679738562 0.02389705882352941 0.05555555555555555