0 0.222754 0.017766 0.035383 0.035533
0 0.286038 0.115630 0.098482 0.063105
0 0.155334 0.089736 0.046198 0.033985
0 0.144391 0.257210 0.046205 0.064727
0 0.093935 0.138281 0.062006 0.072817
0 0.185059 0.151228 0.040244 0.118119
0 0.920710 0.189249 0.049847 0.097090
0 0.660515 0.329217 0.086323 0.046923
0 0.746842 0.321937 0.071734 0.113272
0 0.710978 0.618058 0.063224 0.116506
0 0.826483 0.614013 0.065655 0.076052
0 0.929220 0.503165 0.040125 0.074430
0 0.856271 0.869671 0.137389 0.111650
0 0.956403 0.905273 0.087194 0.050158
0 0.433155 0.870482 0.079025 0.148860
0 0.354126 0.622099 0.059575 0.056636
0 0.602155 0.474041 0.076595 0.071196
