0 0.6017156862745098 0.1568627450980392 0.0428921568627451 0.03104575163398693
0 0.6534926470588235 0.18137254901960784 0.06066176470588235 0.03594771241830065
0 0.7423406862745098 0.42769607843137253 0.06556372549019608 0.03839869281045752
0 0.8933823529411765 0.44199346405228757 0.05392156862745098 0.06045751633986928
0 0.44669117647058826 0.9522058823529411 0.041666666666666664 0.035130718954248366
0 0.3716299019607843 0.6601307189542484 0.02267156862745098 0.06209150326797386
0 0.4644607843137255 0.8525326797385621 0.049019607843137254 0.041666666666666664
0 0.7156862745098039 0.8321078431372549 0.05269607843137255 0.035130718954248366
0 0.18137254901960784 0.9526143790849673 0.0392156862745098 0.05718954248366013
0 0.3008578431372549 0.45016339869281047 0.025735294117647058 0.06372549019607843
0 0.1412377450980392 0.19158496732026145 0.02267156862745098 0.022058823529411766
0 0.8697916666666666 0.6670751633986928 0.05575980392156863 0.07598039215686274