0 0.04595588235294118 0.33986928104575165 0.041666666666666664 0.049019607843137254
0 0.05392156862745098 0.556781045751634 0.03799019607843137 0.02696078431372549
0 0.1332720588235294 0.5490196078431373 0.044730392156862746 0.03594771241830065
0 0.3606004901960784 0.2704248366013072 0.05943627450980392 0.049019607843137254
0 0.16299019607843138 0.184640522875817 0.023284313725490197 0.08986928104575163
0 0.18903186274509803 0.2275326797385621 0.028799019607843136 0.06781045751633986
0 0.4675245098039216 0.12622549019607843 0.03799019607843137 0.03349673202614379
0 0.375 0.18218954248366012 0.0392156862745098 0.04084967320261438
0 0.5625 0.18709150326797386 0.03308823529411765 0.05392156862745098
0 0.6746323529411765 0.2994281045751634 0.029411764705882353 0.03839869281045752
0 0.7074142156862745 0.5919117647058824 0.02389705882352941 0.07107843137254902
0 0.06678921568627451 0.8398692810457516 0.04779411764705882 0.08496732026143791
0 0.1881127450980392 0.9783496732026143 0.030637254901960783 0.041666666666666664
0 0.6436887254901961 0.9771241830065359 0.02267156862745098 0.03594771241830065
0 0.7068014705882353 0.021241830065359478 0.08884803921568628 0.03594771241830065
0 0.33057598039215685 0.40155228758169936 0.04718137254901961 0.03676470588235294
0 0.7493872549019608 0.9816176470588235 0.04411764705882353 0.02369281045751634