0 0.0940563725490196 0.4991830065359477 0.028799019607843136 0.04411764705882353
0 0.11274509803921569 0.5310457516339869 0.0392156862745098 0.05065359477124183
0 0.027573529411764705 0.7487745098039216 0.0428921568627451 0.03676470588235294
0 0.052083333333333336 0.9011437908496732 0.03676470588235294 0.049019607843137254
0 0.23192401960784315 0.8574346405228758 0.052083333333333336 0.035130718954248366
0 0.43106617647058826 0.3917483660130719 0.06556372549019608 0.028594771241830064
0 0.03676470588235294 0.48570261437908496 0.03799019607843137 0.04003267973856209
0 0.328125 0.7830882352941176 0.04718137254901961 0.028594771241830064
0 0.19454656862745098 0.9758986928104575 0.02267156862745098 0.04656862745098039
0 0.45955882352941174 0.32802287581699346 0.0392156862745098 0.025326797385620915
0 0.23345588235294118 0.5522875816993464 0.0392156862745098 0.0392156862745098