0 0.07322303921568628 0.5416666666666666 0.044730392156862746 0.05228758169934641
0 0.057291666666666664 0.7728758169934641 0.03125 0.05718954248366013
0 0.042279411764705885 0.8361928104575164 0.0428921568627451 0.059640522875817
0 0.18137254901960784 0.8823529411764706 0.06004901960784314 0.03758169934640523
0 0.8658088235294118 0.8125 0.06740196078431372 0.03676470588235294
0 0.6580882352941176 0.3459967320261438 0.0428921568627451 0.059640522875817
0 0.32598039215686275 0.4701797385620915 0.031862745098039214 0.05473856209150327
0 0.6096813725490197 0.38480392156862747 0.04656862745098039 0.05228758169934641
0 0.6783088235294118 0.0988562091503268 0.03553921568627451 0.03758169934640523
0 0.3799019607843137 0.7577614379084967 0.05024509803921569 0.03676470588235294
0 0.9145220588235294 0.9044117647058824 0.026348039215686275 0.04738562091503268
0 0.9825367647058824 0.926062091503268 0.03125 0.06944444444444445
0 0.8924632352941176 0.3611111111111111 0.02022058823529412 0.04738562091503268
0 0.9865196078431373 0.14011437908496732 0.025735294117647058 0.03022875816993464
0 0.4944852941176471 0.18382352941176472 0.03553921568627451 0.03104575163398693
0 0.5376838235294118 0.17933006535947713 0.05943627450980392 0.028594771241830064
0 0.15992647058823528 0.946078431372549 0.04656862745098039 0.04738562091503268
0 0.08823529411764706 0.8819444444444444 0.0428921568627451 0.02369281045751634
0 0.5625 0.7716503267973857 0.03308823529411765 0.041666666666666664
0 0.696078431372549 0.8651960784313726 0.06740196078431372 0.12418300653594772
0 0.1712622549019608 0.25449346405228757 0.05698529411764706 0.02696078431372549