0 0.3851102941176471 0.044526143790849675 0.017769607843137254 0.08251633986928104
0 0.045649509803921566 0.4027777777777778 0.025122549019607844 0.058823529411764705
0 0.06954656862745098 0.39419934640522875 0.018995098039215685 0.0727124183006536
0 0.7610294117647058 0.18586601307189543 0.041666666666666664 0.03349673202614379
0 0.3707107843137255 0.7189542483660131 0.03431372549019608 0.09313725490196079
0 0.4727328431372549 0.7303921568627451 0.0508578431372549 0.0392156862745098
0 0.5150122549019608 0.6511437908496732 0.052083333333333336 0.032679738562091505
0 0.5986519607843137 0.6217320261437909 0.031862745098039214 0.0457516339869281
0 0.7251838235294118 0.014297385620915032 0.02144607843137255 0.028594771241830064
0 0.6418504901960784 0.02369281045751634 0.016544117647058824 0.03758169934640523
0 0.4963235294117647 0.06495098039215687 0.0392156862745098 0.04493464052287582
0 0.7331495098039216 0.21486928104575165 0.025122549019607844 0.06209150326797386
0 0.7460171568627451 0.3574346405228758 0.04105392156862745 0.08415032679738563
0 0.5784313725490197 0.9558823529411765 0.029411764705882353 0.04738562091503268
0 0.13970588235294118 0.9375 0.03431372549019608 0.04330065359477124
0 0.5943627450980392 0.3786764705882353 0.03308823529411765 0.0661764705882353
0 0.6200980392156863 0.3329248366013072 0.031862745098039214 0.07924836601307189
0 0.7588848039215687 0.0886437908496732 0.06311274509803921 0.03839869281045752
0 0.24632352941176472 0.08333333333333333 0.03799019607843137 0.0392156862745098
0 0.42861519607843135 0.6282679738562091 0.017769607843137254 0.06535947712418301
0 0.33578431372549017 0.21854575163398693 0.04411764705882353 0.028594771241830064
0 0.34068627450980393 0.1613562091503268 0.0392156862745098 0.028594771241830064
0 0.34068627450980393 0.12990196078431374 0.0392156862745098 0.02287581699346405
0 0.46599264705882354 0.18218954248366012 0.03125 0.05718954248366013
0 0.5094975490196079 0.3929738562091503 0.034926470588235295 0.05718954248366013
0 0.49754901960784315 0.2741013071895425 0.02696078431372549 0.0727124183006536
0 0.12745098039215685 0.5089869281045751 0.04534313725490196 0.04738562091503268
0 0.27542892156862747 0.3901143790849673 0.0508578431372549 0.031862745098039214
0 0.3174019607843137 0.7250816993464052 0.04534313725490196 0.06781045751633986
0 0.3324142156862745 0.9546568627450981 0.034926470588235295 0.06781045751633986
0 0.9552696078431373 0.7291666666666666 0.029411764705882353 0.0857843137254902
0 0.8685661764705882 0.30392156862745096 0.04840686274509804 0.05065359477124183
0 0.7408088235294118 0.516748366013072 0.0428921568627451 0.041666666666666664
0 0.07567401960784313 0.6441993464052288 0.06066176470588235 0.04003267973856209
0 0.7028186274509803 0.13071895424836602 0.0428921568627451 0.0457516339869281
0 0.4721200980392157 0.6503267973856209 0.026348039215686275 0.06209150326797386
0 0.6651348039215687 0.5878267973856209 0.05575980392156863 0.028594771241830064
0 0.7074142156862745 0.5625 0.02389705882352941 0.06290849673202614
0 0.10477941176470588 0.8643790849673203 0.028186274509803922 0.09967320261437909