0 0.7876838235294118 0.7516339869281046 0.037377450980392156 0.07026143790849673
0 0.5104166666666666 0.05759803921568627 0.028186274509803922 0.05473856209150327
0 0.19730392156862744 0.6282679738562091 0.03553921568627451 0.06699346405228758
0 0.34650735294117646 0.7875816993464052 0.07291666666666667 0.04738562091503268
0 0.1801470588235294 0.2790032679738562 0.0392156862745098 0.0988562091503268
0 0.7120098039215687 0.625 0.031862745098039214 0.08986928104575163
0 0.4837622549019608 0.35866013071895425 0.03370098039215686 0.07516339869281045
0 0.6504289215686274 0.6037581699346405 0.03125 0.06699346405228758
0 0.44607843137254904 0.08700980392156862 0.04534313725490196 0.035130718954248366
0 0.43995098039215685 0.05228758169934641 0.030637254901960783 0.04411764705882353
0 0.9261642156862745 0.20261437908496732 0.052083333333333336 0.04738562091503268
0 0.041666666666666664 0.3700980392156863 0.03553921568627451 0.058823529411764705
0 0.20036764705882354 0.5555555555555556 0.029411764705882353 0.042483660130718956
0 0.5879289215686274 0.9767156862745098 0.02267156862745098 0.04493464052287582
0 0.10049019607843138 0.060866013071895424 0.029411764705882353 0.06781045751633986
0 0.39644607843137253 0.0690359477124183 0.029411764705882353 0.06454248366013073
0 0.6446078431372549 0.8059640522875817 0.03799019607843137 0.07434640522875817