0 0.5805759803921569 0.07761437908496732 0.04105392156862745 0.04411764705882353
0 0.6056985294117647 0.11356209150326797 0.06556372549019608 0.017973856209150325
0 0.5030637254901961 0.3545751633986928 0.0428921568627451 0.05228758169934641
0 0.4675245098039216 0.29125816993464054 0.05024509803921569 0.04493464052287582
0 0.6234681372549019 0.22426470588235295 0.03002450980392157 0.08905228758169935
0 0.6954656862745098 0.2973856209150327 0.03553921568627451 0.04738562091503268
0 0.1801470588235294 0.7663398692810458 0.03553921568627451 0.09967320261437909
0 0.6381740196078431 0.5441176470588235 0.03370098039215686 0.07679738562091504
0 0.8930759803921569 0.7193627450980392 0.018995098039215685 0.09558823529411764
0 0.9485294117647058 0.9656862745098039 0.0428921568627451 0.06699346405228758
0 0.29381127450980393 0.9620098039215687 0.028799019607843136 0.04493464052287582
0 0.6102941176470589 0.9705882352941176 0.0392156862745098 0.03594771241830065
0 0.6694240196078431 0.9191176470588235 0.05943627450980392 0.07026143790849673
0 0.11366421568627451 0.2716503267973856 0.04350490196078431 0.03676470588235294
0 0.1792279411764706 0.125 0.027573529411764705 0.06372549019607843
0 0.18321078431372548 0.07066993464052287 0.025735294117647058 0.04003267973856209
0 0.10355392156862746 0.9579248366013072 0.05514705882352941 0.03676470588235294