0 0.32107843137254904 0.4505718954248366 0.0661764705882353 0.08088235294117647
0 0.7732843137254902 0.4105392156862745 0.03676470588235294 0.06944444444444445
0 0.4849877450980392 0.7165032679738562 0.02389705882352941 0.04738562091503268
0 0.17800245098039216 0.49754901960784315 0.02267156862745098 0.05392156862745098
0 0.27144607843137253 0.8190359477124183 0.04044117647058824 0.028594771241830064
0 0.4482230392156863 0.9746732026143791 0.028799019607843136 0.04411764705882353
0 0.6194852941176471 0.5821078431372549 0.025735294117647058 0.07434640522875817
0 0.5821078431372549 0.45098039215686275 0.0392156862745098 0.06862745098039216
0 0.6139705882352942 0.752859477124183 0.03431372549019608 0.08251633986928104
0 0.016237745098039217 0.3974673202614379 0.032475490196078434 0.025326797385620915
0 0.5171568627450981 0.22834967320261437 0.05024509803921569 0.031862745098039214
0 0.2913602941176471 0.7058823529411765 0.03370098039215686 0.049019607843137254