0 0.057904411764705885 0.22263071895424835 0.027573529411764705 0.05473856209150327
0 0.16881127450980393 0.4097222222222222 0.02144607843137255 0.03676470588235294
0 0.3425245098039216 0.26062091503267976 0.025735294117647058 0.058823529411764705
0 0.04963235294117647 0.5625 0.06985294117647059 0.031862745098039214
0 0.030330882352941176 0.4934640522875817 0.025122549019607844 0.0392156862745098
0 0.2113970588235294 0.45955882352941174 0.03676470588235294 0.06290849673202614
0 0.45618872549019607 0.3602941176470588 0.025122549019607844 0.05555555555555555
0 0.2711397058823529 0.636437908496732 0.06678921568627451 0.05228758169934641
0 0.7420343137254902 0.42401960784313725 0.03308823529411765 0.06862745098039216
0 0.8762254901960784 0.508578431372549 0.030637254901960783 0.028594771241830064
0 0.9025735294117647 0.17769607843137256 0.04044117647058824 0.0727124183006536
0 0.9457720588235294 0.576797385620915 0.04595588235294118 0.03104575163398693
0 0.8811274509803921 0.6388888888888888 0.012254901960784314 0.016339869281045753
0 0.9136029411764706 0.6752450980392157 0.0625 0.0727124183006536
0 0.7218137254901961 0.5294117647058824 0.03799019607843137 0.06699346405228758
0 0.43106617647058826 0.5204248366013072 0.04350490196078431 0.05228758169934641
0 0.5438112745098039 0.6119281045751634 0.02267156862745098 0.06045751633986928
0 0.7990196078431373 0.31699346405228757 0.04534313725490196 0.06372549019607843
0 0.8321078431372549 0.30187908496732024 0.03308823529411765 0.02696078431372549
0 0.3400735294117647 0.40808823529411764 0.06372549019607843 0.03349673202614379