0 0.030025 0.879902 0.049020 0.032680
0 0.289522 0.904412 0.022672 0.062092
0 0.808211 0.661765 0.060049 0.035948
0 0.469363 0.832516 0.028186 0.057190
0 0.307292 0.391748 0.031250 0.077614
0 0.333946 0.373775 0.023284 0.054739
0 0.426471 0.077206 0.061275 0.064542
0 0.035539 0.264297 0.019608 0.074346
0 0.061887 0.299020 0.056373 0.024510
0 0.284620 0.251634 0.050858 0.034314
0 0.262561 0.290033 0.065564 0.062092
0 0.532169 0.519199 0.030025 0.026961
0 0.550858 0.223039 0.067402 0.042484
0 0.985294 0.262663 0.025735 0.092320
0 0.520221 0.327614 0.015931 0.049020
0 0.538297 0.317402 0.030025 0.044935
0 0.142463 0.258987 0.023897 0.062092
0 0.166667 0.241013 0.033088 0.047386
0 0.695466 0.053922 0.033088 0.063725
0 0.126838 0.256127 0.031863 0.022059
