0 0.7294730392156863 0.47058823529411764 0.02267156862745098 0.08496732026143791
0 0.6106004901960784 0.573937908496732 0.03002450980392157 0.08251633986928104
0 0.37806372549019607 0.31699346405228757 0.03553921568627451 0.07352941176470588
0 0.08272058823529412 0.4133986928104575 0.049019607843137254 0.04411764705882353
0 0.5520833333333334 0.4897875816993464 0.04411764705882353 0.07598039215686274
0 0.28768382352941174 0.9665032679738562 0.026348039215686275 0.06372549019607843
0 0.12438725490196079 0.27818627450980393 0.0392156862745098 0.07107843137254902
0 0.25919117647058826 0.5294117647058824 0.030637254901960783 0.07026143790849673
0 0.5814950980392157 0.2455065359477124 0.03553921568627451 0.0857843137254902
0 0.7205882352941176 0.33374183006535946 0.0428921568627451 0.08741830065359477
0 0.2931985294117647 0.6870915032679739 0.034926470588235295 0.05555555555555555
0 0.31066176470588236 0.07761437908496732 0.03799019607843137 0.07679738562091504