0 0.23958333333333334 0.8255718954248366 0.08455882352941177 0.03839869281045752
0 0.2647058823529412 0.6727941176470589 0.04656862745098039 0.03676470588235294
0 0.20526960784313725 0.46691176470588236 0.06495098039215687 0.02369281045751634
0 0.23835784313725492 0.5020424836601307 0.03431372549019608 0.07924836601307189
0 0.3538602941176471 0.48161764705882354 0.06556372549019608 0.041666666666666664
0 0.5006127450980392 0.37826797385620914 0.03308823529411765 0.049019607843137254
0 0.5836397058823529 0.3770424836601307 0.028799019607843136 0.0661764705882353
0 0.6449142156862745 0.4660947712418301 0.09620098039215687 0.03839869281045752
0 0.6390931372549019 0.6687091503267973 0.02696078431372549 0.059640522875817
0 0.8030024509803921 0.6584967320261438 0.03002450980392157 0.06209150326797386
0 0.7169117647058824 0.4738562091503268 0.025735294117647058 0.04411764705882353
0 0.7493872549019608 0.5 0.041666666666666664 0.03594771241830065
0 0.8238357843137255 0.4897875816993464 0.03370098039215686 0.0727124183006536
0 0.8471200980392157 0.49468954248366015 0.03002450980392157 0.0727124183006536
0 0.897671568627451 0.6070261437908496 0.04534313725490196 0.07026143790849673
0 0.7328431372549019 0.2724673202614379 0.031862745098039214 0.06290849673202614
0 0.9273897058823529 0.03390522875816993 0.06433823529411764 0.04003267973856209
0 0.9764093137254902 0.15359477124183007 0.04595588235294118 0.03758169934640523
0 0.015012254901960785 0.16258169934640523 0.03002450980392157 0.0457516339869281
0 0.48713235294117646 0.5310457516339869 0.03676470588235294 0.1111111111111111
0 0.8520220588235294 0.6486928104575164 0.05575980392156863 0.049019607843137254