0 0.7331495098039216 0.3570261437908497 0.03125 0.05555555555555555
0 0.9675245098039216 0.40155228758169936 0.02696078431372549 0.07598039215686274
0 0.9892769607843137 0.49673202614379086 0.018995098039215685 0.06045751633986928
0 0.772671568627451 0.3860294117647059 0.03676470588235294 0.08905228758169935
0 0.6547181372549019 0.5285947712418301 0.018995098039215685 0.04738562091503268
0 0.45618872549019607 0.3762254901960784 0.027573529411764705 0.0727124183006536
0 0.18474264705882354 0.17769607843137256 0.018995098039215685 0.07107843137254902
0 0.22763480392156862 0.18341503267973855 0.052083333333333336 0.028594771241830064
0 0.16819852941176472 0.3292483660130719 0.02144607843137255 0.05392156862745098
0 0.13511029411764705 0.5420751633986928 0.044730392156862746 0.03676470588235294
0 0.5431985294117647 0.7540849673202614 0.026348039215686275 0.05555555555555555
0 0.6602328431372549 0.826797385620915 0.03002450980392157 0.08660130718954248
0 0.5906862745098039 0.6540032679738562 0.04779411764705882 0.02042483660130719
0 0.7515318627450981 0.5261437908496732 0.0545343137254902 0.08496732026143791
0 0.4543504901960784 0.5253267973856209 0.0545343137254902 0.058823529411764705
0 0.10661764705882353 0.8921568627450981 0.04656862745098039 0.03431372549019608
0 0.11764705882352941 0.8500816993464052 0.04044117647058824 0.02696078431372549
0 0.04718137254901961 0.6213235294117647 0.029411764705882353 0.06290849673202614
0 0.044730392156862746 0.5396241830065359 0.051470588235294115 0.04330065359477124
0 0.0940563725490196 0.4824346405228758 0.026348039215686275 0.08088235294117647
0 0.17310049019607843 0.43504901960784315 0.025122549019607844 0.05800653594771242
0 0.36090686274509803 0.4040032679738562 0.02696078431372549 0.041666666666666664
0 0.47855392156862747 0.39950980392156865 0.029411764705882353 0.05392156862745098
0 0.5625 0.4207516339869281 0.04534313725490196 0.0718954248366013
0 0.5349264705882353 0.3709150326797386 0.030637254901960783 0.05065359477124183
0 0.6393995098039216 0.33986928104575165 0.05943627450980392 0.049019607843137254
0 0.5652573529411765 0.5228758169934641 0.0508578431372549 0.03758169934640523
0 0.6651348039215687 0.25040849673202614 0.05821078431372549 0.06290849673202614
0 0.539828431372549 0.24877450980392157 0.023284313725490197 0.059640522875817
0 0.46262254901960786 0.1119281045751634 0.030637254901960783 0.049019607843137254
0 0.48284313725490197 0.10212418300653595 0.0428921568627451 0.0457516339869281
0 0.2261029411764706 0.2630718954248366 0.03308823529411765 0.03431372549019608
0 0.25857843137254904 0.24305555555555555 0.029411764705882353 0.07434640522875817
0 0.2110906862745098 0.028594771241830064 0.06801470588235294 0.05392156862745098
0 0.7987132352941176 0.04738562091503268 0.02389705882352941 0.05392156862745098
0 0.8909313725490197 0.25612745098039214 0.041666666666666664 0.03349673202614379
0 0.9231004901960784 0.3174019607843137 0.037377450980392156 0.08088235294117647
0 0.6326593137254902 0.7450980392156863 0.028799019607843136 0.05392156862745098
0 0.0744485294117647 0.026143790849673203 0.032475490196078434 0.05228758169934641
0 0.08915441176470588 0.08333333333333333 0.026348039215686275 0.05228758169934641
0 0.049019607843137254 0.20710784313725492 0.03553921568627451 0.03022875816993464
0 0.7319240196078431 0.20261437908496732 0.02022058823529412 0.04738562091503268
0 0.17769607843137256 0.681781045751634 0.03431372549019608 0.025326797385620915
0 0.7098651960784313 0.6482843137254902 0.028799019607843136 0.0727124183006536
0 0.5272671568627451 0.06413398692810457 0.05575980392156863 0.05800653594771242