0 0.23958333333333334 0.8280228758169934 0.08946078431372549 0.03676470588235294
0 0.2693014705882353 0.6740196078431373 0.05330882352941176 0.049019607843137254
0 0.20588235294117646 0.4714052287581699 0.05269607843137255 0.0392156862745098
0 0.23651960784313725 0.4959150326797386 0.03308823529411765 0.06372549019607843
0 0.36611519607843135 0.47998366013071897 0.06433823529411764 0.03839869281045752
0 0.49264705882352944 0.5228758169934641 0.03431372549019608 0.09803921568627451
0 0.6393995098039216 0.6609477124183006 0.02144607843137255 0.04738562091503268
0 0.805453431372549 0.6670751633986928 0.037377450980392156 0.0727124183006536
0 0.8529411764705882 0.6441993464052288 0.041666666666666664 0.04003267973856209
0 0.899203431372549 0.6225490196078431 0.05821078431372549 0.09803921568627451
0 0.8327205882352942 0.4897875816993464 0.03431372549019608 0.07598039215686274
0 0.8529411764705882 0.49550653594771243 0.03431372549019608 0.07761437908496732
0 0.7319240196078431 0.272875816993464 0.025122549019607844 0.05392156862745098
0 0.5848651960784313 0.3762254901960784 0.028799019607843136 0.07107843137254902
0 0.5018382352941176 0.38643790849673204 0.04534313725490196 0.05392156862745098
0 0.6436887254901961 0.4636437908496732 0.10110294117647059 0.03676470588235294
0 0.7300857843137255 0.48080065359477125 0.06678921568627451 0.06454248366013073
0 0.9368872549019608 0.039624183006535946 0.06862745098039216 0.0727124183006536
0 0.9764093137254902 0.15359477124183007 0.04595588235294118 0.04084967320261438
0 0.01685049019607843 0.1642156862745098 0.03125 0.06209150326797386