0 0.7199754901960784 0.8329248366013072 0.049019607843137254 0.09395424836601307
0 0.3860294117647059 0.7218137254901961 0.03676470588235294 0.07107843137254902
0 0.4273897058823529 0.49142156862745096 0.032475490196078434 0.07924836601307189
0 0.20098039215686275 0.21650326797385622 0.028186274509803922 0.10294117647058823
0 0.033394607843137254 0.0690359477124183 0.04963235294117647 0.03676470588235294
0 0.789828431372549 0.14338235294117646 0.041666666666666664 0.06454248366013073
0 0.9322916666666666 0.3349673202614379 0.05943627450980392 0.058823529411764705
0 0.585171568627451 0.6441993464052288 0.03553921568627451 0.05800653594771242
0 0.10661764705882353 0.7647058823529411 0.02696078431372549 0.06862745098039216
0 0.20159313725490197 0.5204248366013072 0.03431372549019608 0.05228758169934641
0 0.7411151960784313 0.5980392156862745 0.027573529411764705 0.05555555555555555