0 0.5251225490196079 0.8660130718954249 0.03431372549019608 0.05228758169934641
0 0.6363357843137255 0.6425653594771242 0.05943627450980392 0.03676470588235294
0 0.6329656862745098 0.3631535947712418 0.0392156862745098 0.07924836601307189
0 0.8985906862745098 0.7226307189542484 0.02389705882352941 0.06944444444444445
0 0.7426470588235294 0.5093954248366013 0.03431372549019608 0.07434640522875817
0 0.4476102941176471 0.9799836601307189 0.025122549019607844 0.02696078431372549
0 0.9384191176470589 0.7438725490196079 0.017769607843137254 0.06454248366013073
0 0.649203431372549 0.44893790849673204 0.052083333333333336 0.02696078431372549
0 0.3756127450980392 0.41380718954248363 0.04044117647058824 0.031862745098039214
0 0.14399509803921567 0.377859477124183 0.025735294117647058 0.06454248366013073
0 0.10202205882352941 0.8075980392156863 0.06311274509803921 0.07107843137254902
0 0.11090686274509803 0.8978758169934641 0.03308823529411765 0.11274509803921569