0 0.7009803921568627 0.38929738562091504 0.030637254901960783 0.06290849673202614
0 0.2542892156862745 0.5657679738562091 0.031862745098039214 0.03349673202614379
0 0.32077205882352944 0.27205882352941174 0.03002450980392157 0.06045751633986928
0 0.7843137254901961 0.15522875816993464 0.030637254901960783 0.05392156862745098
0 0.7539828431372549 0.12009803921568628 0.025122549019607844 0.05065359477124183
0 0.859375 0.05923202614379085 0.06066176470588235 0.04003267973856209
0 0.4411764705882353 0.032679738562091505 0.05024509803921569 0.0457516339869281
0 0.27420343137254904 0.6772875816993464 0.027573529411764705 0.05228758169934641
0 0.4892769607843137 0.4562908496732026 0.03002450980392157 0.07598039215686274
0 0.4007352941176471 0.2867647058823529 0.025735294117647058 0.04411764705882353
0 0.9292279411764706 0.2479575163398693 0.025122549019607844 0.03676470588235294
0 0.8795955882352942 0.4562908496732026 0.02389705882352941 0.028594771241830064
0 0.9754901960784313 0.931781045751634 0.041666666666666664 0.03839869281045752