0 0.5735294117647058 0.6290849673202614 0.031862745098039214 0.04738562091503268
0 0.42984068627450983 0.5404411764705882 0.05330882352941176 0.018790849673202614
0 0.9457720588235294 0.3255718954248366 0.04595588235294118 0.07107843137254902
0 0.6430759803921569 0.6401143790849673 0.06678921568627451 0.031862745098039214
0 0.6776960784313726 0.6156045751633987 0.03799019607843137 0.061274509803921566
0 0.6004901960784313 0.7822712418300654 0.028186274509803922 0.03676470588235294
0 0.6069240196078431 0.8231209150326797 0.02022058823529412 0.04003267973856209
0 0.5107230392156863 0.8909313725490197 0.034926470588235295 0.025326797385620915
0 0.45067401960784315 0.6343954248366013 0.02389705882352941 0.08415032679738563
0 0.4791666666666667 0.6670751633986928 0.028186274509803922 0.022058823529411766
0 0.5042892156862745 0.6376633986928104 0.030637254901960783 0.02042483660130719
0 0.1332720588235294 0.46119281045751637 0.044730392156862746 0.04820261437908497
0 0.16053921568627452 0.44362745098039214 0.03308823529411765 0.06045751633986928
0 0.13725490196078433 0.7945261437908496 0.03431372549019608 0.07107843137254902
0 0.9249387254901961 0.5910947712418301 0.028799019607843136 0.056372549019607844
0 0.9543504901960784 0.5910947712418301 0.018995098039215685 0.04820261437908497
0 0.8149509803921569 0.5302287581699346 0.0392156862745098 0.049019607843137254
0 0.48743872549019607 0.11601307189542484 0.026348039215686275 0.05392156862745098
0 0.4430147058823529 0.127859477124183 0.02696078431372549 0.08088235294117647
0 0.21875 0.28513071895424835 0.03553921568627451 0.06372549019607843
0 0.9846813725490197 0.698937908496732 0.029411764705882353 0.04493464052287582
0 0.3477328431372549 0.08006535947712418 0.03002450980392157 0.08660130718954248
0 0.7965686274509803 0.0363562091503268 0.03553921568627451 0.0727124183006536
0 0.45894607843137253 0.4252450980392157 0.04044117647058824 0.03349673202614379
0 0.6890318627450981 0.198937908496732 0.04595588235294118 0.03349673202614379
0 0.33639705882352944 0.7234477124183006 0.04779411764705882 0.03349673202614379
0 0.7000612745098039 0.9436274509803921 0.02144607843137255 0.058823529411764705
0 0.17371323529411764 0.761437908496732 0.026348039215686275 0.06535947712418301
0 0.3740808823529412 0.755718954248366 0.025122549019607844 0.05392156862745098
0 0.25612745098039214 0.2908496732026144 0.0392156862745098 0.08660130718954248
0 0.7175245098039216 0.01184640522875817 0.029411764705882353 0.02369281045751634
0 0.7598039215686274 0.031862745098039214 0.03553921568627451 0.06045751633986928