0 0.7987132352941176 0.41830065359477125 0.06678921568627451 0.09477124183006536
0 0.5422794117647058 0.15931372549019607 0.0428921568627451 0.09967320261437909
0 0.3287377450980392 0.6834150326797386 0.044730392156862746 0.08741830065359477
0 0.06004901960784314 0.5890522875816994 0.025735294117647058 0.06699346405228758
0 0.17095588235294118 0.8088235294117647 0.061274509803921566 0.04411764705882353
0 0.8642769607843137 0.6360294117647058 0.03002450980392157 0.08251633986928104
0 0.8008578431372549 0.2949346405228758 0.07475490196078431 0.05228758169934641
0 0.41360294117647056 0.8799019607843137 0.031862745098039214 0.03758169934640523
0 0.19178921568627452 0.24673202614379086 0.0428921568627451 0.07516339869281045
0 0.8584558823529411 0.8823529411764706 0.03553921568627451 0.10457516339869281
0 0.6329656862745098 0.8578431372549019 0.041666666666666664 0.049019607843137254
0 0.6436887254901961 0.8112745098039216 0.06066176470588235 0.04411764705882353
0 0.16819852941176472 0.8558006535947712 0.05575980392156863 0.06290849673202614
0 0.9273897058823529 0.6299019607843137 0.05698529411764706 0.058823529411764705
0 0.4797794117647059 0.4840686274509804 0.0625 0.03022875816993464
0 0.5030637254901961 0.6115196078431373 0.04779411764705882 0.03839869281045752
0 0.7573529411764706 0.5232843137254902 0.030637254901960783 0.07598039215686274