0 0.6596200980392157 0.7001633986928104 0.026348039215686275 0.0718954248366013
0 0.7300857843137255 0.9452614379084967 0.02022058823529412 0.05228758169934641
0 0.7515318627450981 0.9705882352941176 0.02267156862745098 0.042483660130718956
0 0.7426470588235294 0.4636437908496732 0.058823529411764705 0.04493464052287582
0 0.640625 0.6139705882352942 0.04718137254901961 0.035130718954248366
0 0.3648897058823529 0.44076797385620914 0.017769607843137254 0.03676470588235294
0 0.3949142156862745 0.44199346405228757 0.0545343137254902 0.042483660130718956
0 0.4022671568627451 0.4056372549019608 0.05698529411764706 0.03676470588235294
0 0.46660539215686275 0.3868464052287582 0.05330882352941176 0.04330065359477124
0 0.3596813725490196 0.3647875816993464 0.03676470588235294 0.04003267973856209
0 0.46139705882352944 0.31699346405228757 0.07107843137254902 0.058823529411764705
0 0.6014093137254902 0.1772875816993464 0.04963235294117647 0.05392156862745098
0 0.6118259803921569 0.12173202614379085 0.027573529411764705 0.04738562091503268
0 0.6289828431372549 0.10620915032679738 0.03370098039215686 0.05718954248366013
0 0.5962009803921569 0.06413398692810457 0.029411764705882353 0.05800653594771242
0 0.02389705882352941 0.17034313725490197 0.04044117647058824 0.07434640522875817
0 0.47518382352941174 0.6147875816993464 0.02022058823529412 0.04493464052287582
0 0.46660539215686275 0.5841503267973857 0.0508578431372549 0.0392156862745098
0 0.4577205882352941 0.6241830065359477 0.03308823529411765 0.06045751633986928