0 0.734820 0.911865 0.051203 0.122063
0 0.647961 0.867135 0.175297 0.188479
0 0.234930 0.957865 0.112328 0.082187
0 0.991969 0.203594 0.016062 0.036146
0 0.169055 0.427573 0.062578 0.112229
0 0.544594 0.652031 0.062594 0.077688
0 0.076250 0.811021 0.073375 0.070500
0 0.739375 0.385115 0.111156 0.128062
0 0.558086 0.027563 0.065828 0.054667
0 0.467437 0.029010 0.063656 0.057562
0 0.932547 0.399510 0.091719 0.076271
0 0.796570 0.905979 0.059359 0.102167
0 0.894781 0.971333 0.052875 0.057333
0 0.722656 0.677927 0.058281 0.092104
0 0.732367 0.979250 0.041016 0.041500
0 0.901797 0.598073 0.034531 0.076271
0 0.834883 0.550594 0.129484 0.188479
0 0.852695 0.662104 0.035609 0.080583
