0 0.5021446078431373 0.7083333333333334 0.04105392156862745 0.05718954248366013
0 0.359375 0.5367647058823529 0.02389705882352941 0.042483660130718956
0 0.2931985294117647 0.5126633986928104 0.037377450980392156 0.05473856209150327
0 0.5888480392156863 0.48284313725490197 0.05392156862745098 0.08496732026143791
0 0.8498774509803921 0.9007352941176471 0.04656862745098039 0.04493464052287582
0 0.5618872549019608 0.23529411764705882 0.029411764705882353 0.08169934640522876
0 0.46017156862745096 0.30269607843137253 0.028186274509803922 0.07761437908496732
0 0.19730392156862744 0.16053921568627452 0.0392156862745098 0.1119281045751634
0 0.04779411764705882 0.23039215686274508 0.05024509803921569 0.049019607843137254
0 0.16299019607843138 0.03022875816993464 0.03553921568627451 0.05718954248366013
0 0.03002450980392157 0.31781045751633985 0.04044117647058824 0.10620915032679738
0 0.22365196078431374 0.6352124183006536 0.03308823529411765 0.0727124183006536
0 0.2766544117647059 0.7377450980392157 0.0508578431372549 0.058823529411764705
0 0.8743872549019608 0.27328431372549017 0.024509803921568627 0.06781045751633986
0 0.9172794117647058 0.2397875816993464 0.031862745098039214 0.07434640522875817
0 0.9859068627450981 0.032679738562091505 0.02696078431372549 0.05555555555555555
0 0.9099264705882353 0.7834967320261438 0.0392156862745098 0.05228758169934641