0 0.5796568627450981 0.25040849673202614 0.024509803921568627 0.07761437908496732
0 0.3642769607843137 0.44076797385620914 0.05575980392156863 0.04003267973856209
0 0.39981617647058826 0.12581699346405228 0.03370098039215686 0.05718954248366013
0 0.6691176470588235 0.2973856209150327 0.0428921568627451 0.05718954248366013
0 0.33057598039215685 0.5441176470588235 0.02144607843137255 0.05228758169934641
0 0.33547794117647056 0.5800653594771242 0.04963235294117647 0.03431372549019608
0 0.46629901960784315 0.39950980392156865 0.0428921568627451 0.04084967320261438
0 0.5082720588235294 0.4848856209150327 0.034926470588235295 0.035130718954248366
0 0.6265318627450981 0.5833333333333334 0.03125 0.04738562091503268
0 0.5658700980392157 0.9011437908496732 0.04718137254901961 0.06209150326797386
0 0.5750612745098039 0.8578431372549019 0.025122549019607844 0.05555555555555555
0 0.9313725490196079 0.11887254901960784 0.03676470588235294 0.031862745098039214
0 0.9231004901960784 0.1503267973856209 0.037377450980392156 0.05718954248366013
0 0.04197303921568627 0.20751633986928106 0.05698529411764706 0.04738562091503268