0 0.171875 0.5592320261437909 0.05330882352941176 0.035130718954248366
0 0.15226715686274508 0.9040032679738562 0.04963235294117647 0.04003267973856209
0 0.29442401960784315 0.8970588235294118 0.032475490196078434 0.06372549019607843
0 0.25582107843137253 0.6727941176470589 0.06678921568627451 0.04003267973856209
0 0.25765931372549017 0.6156045751633987 0.06066176470588235 0.07107843137254902
0 0.4494485294117647 0.6037581699346405 0.05698529411764706 0.05065359477124183
0 0.6038602941176471 0.5857843137254902 0.061887254901960786 0.042483660130718956
0 0.46017156862745096 0.9080882352941176 0.08333333333333333 0.03839869281045752
0 0.9231004901960784 0.5894607843137255 0.04595588235294118 0.059640522875817
0 0.8636642156862745 0.3709150326797386 0.034926470588235295 0.05392156862745098
0 0.7757352941176471 0.37663398692810457 0.05392156862745098 0.05228758169934641
0 0.7852328431372549 0.25735294117647056 0.04105392156862745 0.08986928104575163
0 0.9016544117647058 0.10702614379084967 0.03002450980392157 0.0718954248366013
0 0.35263480392156865 0.4325980392156863 0.027573529411764705 0.056372549019607844
0 0.928921568627451 0.6838235294117647 0.0392156862745098 0.0457516339869281