0 0.11979166666666667 0.2536764705882353 0.06556372549019608 0.03839869281045752
0 0.3869485294117647 0.3480392156862745 0.06066176470588235 0.10620915032679738
0 0.4810049019607843 0.369281045751634 0.02696078431372549 0.07026143790849673
0 0.5667892156862745 0.38562091503267976 0.03676470588235294 0.09640522875816994
0 0.7791053921568627 0.059640522875817 0.05330882352941176 0.05555555555555555
0 0.9742647058823529 0.30269607843137253 0.0392156862745098 0.035130718954248366
0 0.9362745098039216 0.3415032679738562 0.0392156862745098 0.03594771241830065
0 0.9828431372549019 0.3660130718954248 0.03308823529411765 0.07026143790849673
0 0.7573529411764706 0.3954248366013072 0.028186274509803922 0.10294117647058823
0 0.7732843137254902 0.5702614379084967 0.029411764705882353 0.09803921568627451
0 0.9666053921568627 0.761437908496732 0.04718137254901961 0.0392156862745098
0 0.4096200980392157 0.6891339869281046 0.0508578431372549 0.025326797385620915
0 0.5107230392156863 0.03390522875816993 0.032475490196078434 0.06454248366013073
0 0.5052083333333334 0.16666666666666666 0.061887254901960786 0.10784313725490197
0 0.5575980392156863 0.12173202614379085 0.05514705882352941 0.04738562091503268