0 0.5205269607843137 0.13684640522875818 0.018995098039215685 0.06781045751633986
0 0.6354166666666666 0.27736928104575165 0.0392156862745098 0.07598039215686274
0 0.3180147058823529 0.49142156862745096 0.029411764705882353 0.07598039215686274
0 0.19883578431372548 0.6172385620915033 0.061887254901960786 0.05473856209150327
0 0.3753063725490196 0.8803104575163399 0.05575980392156863 0.04330065359477124
0 0.5082720588235294 0.7352941176470589 0.034926470588235295 0.04084967320261438
0 0.44515931372549017 0.8888888888888888 0.025122549019607844 0.04084967320261438
0 0.5481004901960784 0.5592320261437909 0.02389705882352941 0.07924836601307189
0 0.053002450980392156 0.33578431372549017 0.04840686274509804 0.05718954248366013
0 0.0661764705882353 0.2369281045751634 0.03676470588235294 0.05228758169934641
0 0.12928921568627452 0.2042483660130719 0.0392156862745098 0.06699346405228758
0 0.37683823529411764 0.2577614379084967 0.04779411764705882 0.03022875816993464
0 0.7763480392156863 0.1736111111111111 0.09558823529411764 0.03022875816993464
0 0.9420955882352942 0.45955882352941174 0.017769607843137254 0.0661764705882353
0 0.4424019607843137 0.36151960784313725 0.025735294117647058 0.031862745098039214
0 0.24080882352941177 0.0951797385620915 0.03676470588235294 0.041666666666666664
0 0.2496936274509804 0.40808823529411764 0.02389705882352941 0.04656862745098039
0 0.4102328431372549 0.3937908496732026 0.026348039215686275 0.049019607843137254
0 0.43106617647058826 0.49836601307189543 0.03002450980392157 0.06862745098039216
0 0.5925245098039216 0.431781045751634 0.041666666666666664 0.03349673202614379
0 0.765625 0.021241830065359478 0.03370098039215686 0.0392156862745098
0 0.6985294117647058 0.3619281045751634 0.03431372549019608 0.0392156862745098
0 0.2928921568627451 0.8464052287581699 0.0392156862745098 0.04411764705882353
0 0.19148284313725492 0.8202614379084967 0.03370098039215686 0.0457516339869281
0 0.12745098039215685 0.9375 0.028186274509803922 0.03022875816993464
0 0.0392156862745098 0.7679738562091504 0.04044117647058824 0.049019607843137254
0 0.051470588235294115 0.5629084967320261 0.03553921568627451 0.05065359477124183
0 0.1096813725490196 0.5020424836601307 0.04044117647058824 0.028594771241830064
0 0.2261029411764706 0.28431372549019607 0.030637254901960783 0.05228758169934641
0 0.8030024509803921 0.03431372549019608 0.02022058823529412 0.05228758169934641
0 0.7794117647058824 0.9276960784313726 0.029411764705882353 0.02696078431372549
0 0.9004289215686274 0.8574346405228758 0.027573529411764705 0.03839869281045752
0 0.4273897058823529 0.9509803921568627 0.025122549019607844 0.06699346405228758
0 0.7977941176470589 0.12459150326797386 0.04779411764705882 0.03676470588235294