0 0.9491421568627451 0.06535947712418301 0.024509803921568627 0.10457516339869281
0 0.9779411764705882 0.06004901960784314 0.03676470588235294 0.059640522875817
0 0.8995098039215687 0.34272875816993464 0.06372549019607843 0.10212418300653595
0 0.3434436274509804 0.44076797385620914 0.04105392156862745 0.06454248366013073
0 0.6308210784313726 0.5951797385620915 0.02267156862745098 0.06944444444444445
0 0.7224264705882353 0.5163398692810458 0.022058823529411766 0.06699346405228758
0 0.2549019607843137 0.5514705882352942 0.031862745098039214 0.08169934640522876
0 0.32598039215686275 0.042075163398692814 0.03308823529411765 0.08415032679738563
0 0.8131127450980392 0.12254901960784313 0.03553921568627451 0.0457516339869281
0 0.08792892156862746 0.049019607843137254 0.05943627450980392 0.06045751633986928
0 0.23131127450980393 0.09191176470588236 0.05330882352941176 0.035130718954248366