0 0.129802 0.126951 0.071734 0.108415
0 0.300017 0.151228 0.066873 0.169907
0 0.030554 0.378568 0.061107 0.084143
0 0.077517 0.485371 0.079032 0.090612
0 0.024474 0.724852 0.048948 0.093855
0 0.423430 0.662549 0.068085 0.059870
0 0.504283 0.633424 0.093621 0.079286
0 0.529210 0.376951 0.051065 0.048545
0 0.557173 0.162553 0.041337 0.118119
0 0.737114 0.160936 0.111859 0.085765
0 0.745627 0.256404 0.060794 0.063114
0 0.875721 0.480514 0.051065 0.055023
0 0.863562 0.312229 0.038907 0.074430
0 0.323729 0.351877 0.085104 0.079286
0 0.210045 0.386664 0.088753 0.061483
0 0.161414 0.872099 0.044986 0.061492
