0 0.546875 0.5265522875816994 0.018995098039215685 0.05800653594771242
0 0.3023897058823529 0.7949346405228758 0.04105392156862745 0.05718954248366013
0 0.3489583333333333 0.6797385620915033 0.03370098039215686 0.08986928104575163
0 0.31004901960784315 0.3700980392156863 0.01838235294117647 0.06209150326797386
0 0.7224264705882353 0.3137254901960784 0.06004901960784314 0.03431372549019608
0 0.7233455882352942 0.255718954248366 0.027573529411764705 0.05718954248366013
0 0.4025735294117647 0.06495098039215687 0.0428921568627451 0.049836601307189546
0 0.5251225490196079 0.7132352941176471 0.0392156862745098 0.04084967320261438
0 0.7245710784313726 0.44362745098039214 0.04595588235294118 0.05392156862745098
0 0.5563725490196079 0.058823529411764705 0.03799019607843137 0.06372549019607843
0 0.9678308823529411 0.1772875816993464 0.05943627450980392 0.05718954248366013
0 0.6017156862745098 0.5616830065359477 0.03799019607843137 0.08741830065359477