0 0.3014705882352941 0.633578431372549 0.05392156862745098 0.028594771241830064
0 0.12071078431372549 0.9358660130718954 0.03431372549019608 0.09068627450980392
0 0.14767156862745098 0.931781045751634 0.030637254901960783 0.0857843137254902
0 0.30637254901960786 0.733251633986928 0.04411764705882353 0.03022875816993464
0 0.4387254901960784 0.8549836601307189 0.05024509803921569 0.09722222222222222
0 0.5352328431372549 0.678921568627451 0.026348039215686275 0.06862745098039216
0 0.5655637254901961 0.6266339869281046 0.041666666666666664 0.06209150326797386
0 0.8535539215686274 0.4395424836601307 0.0661764705882353 0.042483660130718956
0 0.6534926470588235 0.12826797385620914 0.06066176470588235 0.03431372549019608
0 0.22886029411764705 0.3227124183006536 0.05821078431372549 0.049019607843137254
0 0.2113970588235294 0.40808823529411764 0.0392156862745098 0.03676470588235294
0 0.14276960784313725 0.5816993464052288 0.0428921568627451 0.016339869281045753
0 0.10600490196078431 0.571078431372549 0.03308823529411765 0.0457516339869281
0 0.6605392156862745 0.012663398692810458 0.04411764705882353 0.025326797385620915
0 0.7478553921568627 0.4334150326797386 0.04718137254901961 0.05473856209150327