0 0.8630514705882353 0.7875816993464052 0.07291666666666667 0.05228758169934641
0 0.5591299019607843 0.7467320261437909 0.0508578431372549 0.049019607843137254
0 0.5934436274509803 0.22794117647058823 0.044730392156862746 0.08169934640522876
0 0.6544117647058824 0.7058823529411765 0.028186274509803922 0.0718954248366013
0 0.21660539215686275 0.38112745098039214 0.04105392156862745 0.025326797385620915
0 0.6991421568627451 0.3946078431372549 0.03553921568627451 0.03758169934640523
0 0.20496323529411764 0.1503267973856209 0.05821078431372549 0.04084967320261438
0 0.36519607843137253 0.5339052287581699 0.030637254901960783 0.06944444444444445
0 0.7512254901960784 0.5531045751633987 0.03553921568627451 0.06699346405228758
0 0.16911764705882354 0.2937091503267974 0.04534313725490196 0.02696078431372549
0 0.17677696078431374 0.2369281045751634 0.04840686274509804 0.0457516339869281
0 0.3759191176470588 0.7038398692810458 0.02389705882352941 0.0857843137254902
0 0.6436887254901961 0.795751633986928 0.05330882352941176 0.04738562091503268
0 0.32659313725490197 0.8480392156862745 0.0392156862745098 0.06045751633986928
0 0.3134191176470588 0.6331699346405228 0.05821078431372549 0.05555555555555555