0 0.9564950980392157 0.5490196078431373 0.04656862745098039 0.05228758169934641
0 0.6161151960784313 0.4158496732026144 0.04105392156862745 0.05392156862745098
0 0.4883578431372549 0.5302287581699346 0.05392156862745098 0.06535947712418301
0 0.13664215686274508 0.18831699346405228 0.06740196078431372 0.041666666666666664
0 0.38848039215686275 0.3165849673202614 0.056372549019607844 0.049836601307189546
0 0.2922794117647059 0.07148692810457516 0.0428921568627451 0.08741830065359477
0 0.13357843137254902 0.7491830065359477 0.031862745098039214 0.06535947712418301
0 0.819546568627451 0.2602124183006536 0.037377450980392156 0.10702614379084967
0 0.5818014705882353 0.815359477124183 0.06311274509803921 0.029411764705882353
0 0.6047794117647058 0.8382352941176471 0.03431372549019608 0.05392156862745098
0 0.6176470588235294 0.2536764705882353 0.06740196078431372 0.07598039215686274
0 0.3697916666666667 0.5420751633986928 0.028799019607843136 0.06944444444444445
0 0.234375 0.5833333333333334 0.02144607843137255 0.05065359477124183
0 0.2818627450980392 0.5845588235294118 0.05269607843137255 0.025326797385620915
0 0.25582107843137253 0.5637254901960784 0.026348039215686275 0.05228758169934641
0 0.09283088235294118 0.7933006535947712 0.03125 0.06209150326797386
0 0.07107843137254902 0.06331699346405228 0.0392156862745098 0.035130718954248366
0 0.8296568627450981 0.03104575163398693 0.03799019607843137 0.058823529411764705