0 0.7567401960784313 0.36356209150326796 0.041666666666666664 0.05555555555555555
0 0.7015931372549019 0.5151143790849673 0.04534313725490196 0.025326797385620915
0 0.4635416666666667 0.2977941176470588 0.06433823529411764 0.025326797385620915
0 0.4810049019607843 0.029411764705882353 0.029411764705882353 0.05228758169934641
0 0.022058823529411766 0.8382352941176471 0.03676470588235294 0.05392156862745098
0 0.602328431372549 0.6956699346405228 0.031862745098039214 0.041666666666666664
0 0.5943627450980392 0.7226307189542484 0.03308823529411765 0.035130718954248366
0 0.9457720588235294 0.6474673202614379 0.04840686274509804 0.03022875816993464
0 0.7426470588235294 0.8745915032679739 0.041666666666666664 0.025326797385620915
0 0.46200980392156865 0.6997549019607843 0.041666666666666664 0.07107843137254902
0 0.7821691176470589 0.46854575163398693 0.026348039215686275 0.07761437908496732