0 0.2604166666666667 0.8549836601307189 0.05024509803921569 0.041666666666666664
0 0.15349264705882354 0.6548202614379085 0.052083333333333336 0.035130718954248366
0 0.4684436274509804 0.41094771241830064 0.03370098039215686 0.08006535947712418
0 0.5257352941176471 0.3214869281045752 0.04656862745098039 0.059640522875817
0 0.5787377450980392 0.5040849673202614 0.05575980392156863 0.05718954248366013
0 0.2959558823529412 0.2937091503267974 0.020833333333333332 0.07434640522875817
0 0.3483455882352941 0.4068627450980392 0.0545343137254902 0.05228758169934641
0 0.3762254901960784 0.49060457516339867 0.04656862745098039 0.08905228758169935
0 0.1868872549019608 0.2267156862745098 0.029411764705882353 0.07434640522875817
0 0.41544117647058826 0.33578431372549017 0.0392156862745098 0.06372549019607843
0 0.22549019607843138 0.7851307189542484 0.02696078431372549 0.06209150326797386
0 0.02267156862745098 0.9113562091503268 0.04044117647058824 0.0661764705882353
0 0.15471813725490197 0.14338235294117646 0.014093137254901961 0.04003267973856209
0 0.1479779411764706 0.20833333333333334 0.025122549019607844 0.0392156862745098