0 0.23774509803921567 0.1315359477124183 0.04534313725490196 0.04738562091503268
0 0.0704656862745098 0.022058823529411766 0.07107843137254902 0.04411764705882353
0 0.49325980392156865 0.4897875816993464 0.03799019607843137 0.0661764705882353
0 0.4954044117647059 0.579248366013072 0.025122549019607844 0.06535947712418301
0 0.5107230392156863 0.6188725490196079 0.03002450980392157 0.07761437908496732
0 0.21354166666666666 0.6356209150326797 0.03002450980392157 0.05065359477124183
0 0.18382352941176472 0.6973039215686274 0.022058823529411766 0.059640522875817
0 0.2110906862745098 0.6981209150326797 0.04595588235294118 0.05800653594771242
0 0.8103553921568627 0.44199346405228757 0.027573529411764705 0.06045751633986928
0 0.8471200980392157 0.4089052287581699 0.04840686274509804 0.04493464052287582
0 0.5802696078431373 0.44199346405228757 0.030637254901960783 0.05392156862745098
0 0.5857843137254902 0.3647875816993464 0.0392156862745098 0.028594771241830064
0 0.6942401960784313 0.3770424836601307 0.028186274509803922 0.07924836601307189
0 0.7043504901960784 0.22834967320261437 0.0508578431372549 0.035130718954248366
0 0.6709558823529411 0.04820261437908497 0.0392156862745098 0.03594771241830065
0 0.7521446078431373 0.9718137254901961 0.06066176470588235 0.05473856209150327
0 0.9718137254901961 0.8946078431372549 0.05392156862745098 0.05228758169934641
0 0.9433210784313726 0.6997549019607843 0.08884803921568628 0.03676470588235294
0 0.45006127450980393 0.676062091503268 0.0508578431372549 0.04003267973856209
0 0.28952205882352944 0.28921568627450983 0.03002450980392157 0.08986928104575163
0 0.9243259803921569 0.3349673202614379 0.06066176470588235 0.042483660130718956
0 0.9568014705882353 0.022058823529411766 0.05698529411764706 0.04411764705882353
0 0.1954656862745098 0.875 0.03676470588235294 0.05392156862745098