0 0.661765 0.588644 0.046569 0.031863
0 0.623162 0.484477 0.067402 0.047386
0 0.146752 0.542892 0.050858 0.092320
0 0.019608 0.242647 0.035539 0.052288
0 0.395833 0.198121 0.040441 0.058007
0 0.356924 0.411765 0.041054 0.047386
0 0.771752 0.160948 0.047181 0.057190
0 0.515012 0.060866 0.041054 0.058007
0 0.428309 0.024101 0.028186 0.036765
0 0.040441 0.015523 0.057598 0.029412
0 0.238971 0.656863 0.063725 0.029412
0 0.459252 0.913399 0.037377 0.044118
0 0.477941 0.935458 0.012255 0.016340
0 0.804228 0.426879 0.033701 0.058007
0 0.178309 0.110703 0.031863 0.071078
0 0.501532 0.531046 0.021446 0.060458
0 0.048407 0.690359 0.036765 0.055556
0 0.297794 0.857843 0.044118 0.037582
0 0.712010 0.740605 0.067402 0.033497
0 0.544424 0.439542 0.043505 0.062092
0 0.191483 0.346405 0.028799 0.071895
0 0.515931 0.296569 0.024510 0.052288
0 0.150429 0.416667 0.055760 0.062092
0 0.412377 0.501225 0.042892 0.053105
