0 0.136711 0.113068 0.122137 0.051900
0 0.308119 0.075070 0.072172 0.070436
0 0.220680 0.038462 0.077724 0.067655
0 0.348369 0.190454 0.090215 0.041705
0 0.312630 0.578313 0.052047 0.050046
0 0.522207 0.453197 0.085357 0.050046
0 0.510756 0.357739 0.047189 0.114921
0 0.652325 0.412882 0.048577 0.119555
0 0.638793 0.630677 0.103400 0.060241
0 0.679042 0.791010 0.088133 0.175162
0 0.962526 0.897590 0.073560 0.149212
0 0.788688 0.379055 0.138099 0.122335
0 0.544067 0.085728 0.040250 0.110287
0 0.547883 0.174235 0.064539 0.075996
0 0.584316 0.207600 0.069396 0.092678
0 0.607911 0.075533 0.058293 0.145505
0 0.707148 0.159407 0.065232 0.051900
0 0.713393 0.205283 0.094379 0.045412
0 0.817141 0.137627 0.096461 0.041705
0 0.921235 0.132994 0.097849 0.071362
0 0.965996 0.205283 0.041638 0.088044
0 0.513879 0.430955 0.122831 0.040778
