0 0.49234068627450983 0.5633169934640523 0.0545343137254902 0.08251633986928104
0 0.7450980392156863 0.5016339869281046 0.030637254901960783 0.05718954248366013
0 0.9071691176470589 0.37050653594771243 0.04840686274509804 0.0727124183006536
0 0.38174019607843135 0.3929738562091503 0.03308823529411765 0.0457516339869281
0 0.41207107843137253 0.35375816993464054 0.017769607843137254 0.058823529411764705
0 0.7861519607843137 0.9011437908496732 0.03676470588235294 0.06535947712418301
0 0.5355392156862745 0.8615196078431373 0.06004901960784314 0.03022875816993464
0 0.20680147058823528 0.8100490196078431 0.032475490196078434 0.06944444444444445
0 0.4417892156862745 0.5506535947712419 0.031862745098039214 0.06045751633986928
0 0.5119485294117647 0.32107843137254904 0.032475490196078434 0.06535947712418301
0 0.5505514705882353 0.8370098039215687 0.044730392156862746 0.031862745098039214