0 0.362132 0.517157 0.064951 0.045752
0 0.416360 0.274101 0.059436 0.038399
0 0.465686 0.306781 0.046569 0.036765
0 0.539522 0.334559 0.048407 0.059641
0 0.667586 0.368464 0.086397 0.055556
0 0.900123 0.448529 0.033088 0.063725
0 0.790748 0.665850 0.042279 0.029412
0 0.796569 0.714052 0.055147 0.052288
0 0.867341 0.812500 0.030025 0.098856
0 0.944547 0.692810 0.070466 0.050654
0 0.454963 0.212418 0.022672 0.089869
0 0.094669 0.070670 0.030025 0.074346
0 0.345282 0.063317 0.053309 0.049837
0 0.253064 0.140931 0.101716 0.028595
0 0.345895 0.692810 0.021446 0.086601
0 0.330576 0.685866 0.026348 0.075980
0 0.414522 0.742239 0.061887 0.087418
0 0.022672 0.429330 0.036765 0.064542
0 0.300858 0.207516 0.037990 0.102941
0 0.375919 0.241013 0.012868 0.040850
0 0.384498 0.165441 0.063113 0.105392
0 0.342831 0.145016 0.034926 0.048203
0 0.299020 0.112337 0.037990 0.028595
