0 0.45618872549019607 0.2863562091503268 0.06066176470588235 0.035130718954248366
0 0.14460784313725492 0.6503267973856209 0.030637254901960783 0.06699346405228758
0 0.5545343137254902 0.7516339869281046 0.02696078431372549 0.06372549019607843
0 0.6626838235294118 0.5959967320261438 0.05330882352941176 0.025326797385620915
0 0.43995098039215685 0.8484477124183006 0.05759803921568627 0.03676470588235294
0 0.35202205882352944 0.9056372549019608 0.03615196078431373 0.07434640522875817
0 0.40839460784313725 0.7410130718954249 0.027573529411764705 0.042483660130718956
0 0.49111519607843135 0.9705882352941176 0.03125 0.0392156862745098
0 0.6378676470588235 0.6458333333333334 0.01838235294117647 0.06781045751633986
0 0.6758578431372549 0.5310457516339869 0.049019607843137254 0.04738562091503268
0 0.08700980392156862 0.3954248366013072 0.025735294117647058 0.0457516339869281
0 0.7009803921568627 0.815359477124183 0.03676470588235294 0.032679738562091505
0 0.6847426470588235 0.28104575163398693 0.03370098039215686 0.042483660130718956