0 0.263787 0.592729 0.021446 0.041667
0 0.291973 0.573121 0.030025 0.054739
0 0.341299 0.741013 0.030637 0.102941
0 0.431679 0.552288 0.023897 0.045752
0 0.431679 0.514297 0.028799 0.043301
0 0.611826 0.524510 0.030025 0.104575
0 0.701287 0.462010 0.038603 0.040033
0 0.472733 0.245098 0.030025 0.052288
0 0.472120 0.303105 0.056985 0.063725
0 0.018689 0.675654 0.036152 0.055556
0 0.560049 0.031454 0.037990 0.061275
0 0.261642 0.344771 0.023284 0.081699
0 0.245098 0.354984 0.012255 0.064542
0 0.516544 0.257761 0.034314 0.084150
