0 0.2981004901960784 0.12459150326797386 0.05330882352941176 0.03349673202614379
0 0.3014705882352941 0.0951797385620915 0.049019607843137254 0.035130718954248366
0 0.25919117647058826 0.06209150326797386 0.05024509803921569 0.05392156862745098
0 0.47549019607843135 0.10866013071895425 0.03799019607843137 0.05555555555555555
0 0.944546568627451 0.45465686274509803 0.034926470588235295 0.03839869281045752
0 0.8149509803921569 0.4922385620915033 0.06985294117647059 0.03349673202614379
0 0.21629901960784315 0.8786764705882353 0.04044117647058824 0.05800653594771242
0 0.1724877450980392 0.1854575163398693 0.03615196078431373 0.04738562091503268
0 0.6942401960784313 0.10620915032679738 0.06862745098039216 0.03758169934640523
0 0.663296568627451 0.13316993464052287 0.026348039215686275 0.07026143790849673
0 0.6056985294117647 0.1650326797385621 0.09375 0.04738562091503268