0 0.5431985294117647 0.4493464052287582 0.03370098039215686 0.0915032679738562
0 0.5441176470588235 0.494281045751634 0.05024509803921569 0.05228758169934641
0 0.3128063725490196 0.7777777777777778 0.027573529411764705 0.06209150326797386
0 0.2977941176470588 0.8933823529411765 0.06862745098039216 0.03022875816993464
0 0.41360294117647056 0.8933823529411765 0.03553921568627451 0.049836601307189546
0 0.7028186274509803 0.27655228758169936 0.0392156862745098 0.04493464052287582
0 0.7306985294117647 0.24918300653594772 0.03125 0.04411764705882353
0 0.04136029411764706 0.44076797385620914 0.044730392156862746 0.04493464052287582
0 0.9080882352941176 0.8852124183006536 0.03553921568627451 0.09068627450980392
0 0.7922794117647058 0.48570261437908496 0.031862745098039214 0.049836601307189546
0 0.6639093137254902 0.2622549019607843 0.03002450980392157 0.07516339869281045
0 0.7398897058823529 0.09681372549019608 0.02267156862745098 0.07598039215686274
0 0.5049019607843137 0.8488562091503268 0.041666666666666664 0.042483660130718956
0 0.6461397058823529 0.9056372549019608 0.025122549019607844 0.07761437908496732