0 0.396446 0.650327 0.045343 0.040850
0 0.447610 0.636846 0.020221 0.064542
0 0.465074 0.779820 0.028186 0.090686
0 0.111826 0.636438 0.045956 0.044118
0 0.250000 0.283088 0.037990 0.062908
0 0.706495 0.218137 0.031863 0.088235
0 0.632047 0.188317 0.033701 0.044935
0 0.174020 0.054739 0.020833 0.052288
0 0.437500 0.455065 0.035539 0.039216
0 0.437500 0.522059 0.033088 0.053922
0 0.550245 0.457925 0.030637 0.090686
0 0.714154 0.386029 0.023897 0.085784
0 0.765012 0.092320 0.023897 0.089869
0 0.949755 0.428105 0.049020 0.039216
0 0.705270 0.861520 0.022059 0.046569
0 0.155331 0.642565 0.041054 0.067810
0 0.263480 0.709150 0.053922 0.071895
0 0.618873 0.826389 0.046569 0.077614
0 0.379596 0.854984 0.074142 0.033497
0 0.504596 0.383578 0.027574 0.079248
0 0.633272 0.267157 0.033701 0.089869
0 0.778799 0.293301 0.030637 0.063725
0 0.907475 0.357843 0.039216 0.053922
0 0.597733 0.385212 0.030025 0.066176
0 0.622549 0.390523 0.029412 0.058824
0 0.666360 0.430147 0.043505 0.064542
0 0.657475 0.962827 0.083333 0.043301
0 0.058211 0.761029 0.025735 0.082516
0 0.481618 0.094363 0.045343 0.033497
0 0.455270 0.090278 0.045343 0.095588
0 0.127145 0.152369 0.028799 0.082516
0 0.168505 0.203023 0.039216 0.075980
0 0.551471 0.631944 0.051471 0.030229
0 0.473346 0.191993 0.031250 0.047386
0 0.495711 0.527778 0.040441 0.104575
0 0.114277 0.073938 0.087623 0.139706
0 0.912071 0.423203 0.020221 0.075163
