0 0.3489583333333333 0.46772875816993464 0.037377450980392156 0.05473856209150327
0 0.9273897058823529 0.7790032679738562 0.044730392156862746 0.05473856209150327
0 0.4797794117647059 0.14991830065359477 0.03676470588235294 0.04493464052287582
0 0.47702205882352944 0.4991830065359477 0.03125 0.07679738562091504
0 0.8278186274509803 0.05514705882352941 0.04656862745098039 0.04493464052287582
0 0.9292279411764706 0.2679738562091503 0.03370098039215686 0.05228758169934641
0 0.3918504901960784 0.16952614379084968 0.04350490196078431 0.041666666666666664
0 0.3293504901960784 0.6004901960784313 0.03370098039215686 0.05718954248366013
0 0.27512254901960786 0.3508986928104575 0.04411764705882353 0.03349673202614379
0 0.18933823529411764 0.460375816993464 0.03799019607843137 0.07107843137254902
0 0.9583333333333334 0.809640522875817 0.03553921568627451 0.04738562091503268
0 0.9473039215686274 0.869281045751634 0.0428921568627451 0.06209150326797386
0 0.9350490196078431 0.5841503267973857 0.03676470588235294 0.06209150326797386