0 0.2619485294117647 0.43504901960784315 0.028799019607843136 0.07924836601307189
0 0.07965686274509803 0.5759803921568627 0.03676470588235294 0.04084967320261438
0 0.20741421568627452 0.8084150326797386 0.05943627450980392 0.028594771241830064
0 0.31893382352941174 0.8063725490196079 0.03125 0.042483660130718956
0 0.5 0.6552287581699346 0.029411764705882353 0.09803921568627451
0 0.7616421568627451 0.5547385620915033 0.030637254901960783 0.0392156862745098
0 0.8713235294117647 0.29820261437908496 0.02696078431372549 0.06209150326797386
0 0.7166053921568627 0.06413398692810457 0.0545343137254902 0.04003267973856209
0 0.3449754901960784 0.26715686274509803 0.028186274509803922 0.06535947712418301
0 0.0352328431372549 0.6997549019607843 0.04350490196078431 0.02696078431372549
0 0.016237745098039217 0.761437908496732 0.032475490196078434 0.049019607843137254
0 0.8235294117647058 0.5277777777777778 0.0392156862745098 0.04084967320261438