0 0.5848651960784313 0.5093954248366013 0.04718137254901961 0.03349673202614379
0 0.8302696078431373 0.32679738562091504 0.03431372549019608 0.05392156862745098
0 0.725796568627451 0.758578431372549 0.032475490196078434 0.07761437908496732
0 0.6069240196078431 0.7708333333333334 0.025122549019607844 0.08741830065359477
0 0.2261029411764706 0.44607843137254904 0.03553921568627451 0.029411764705882353
0 0.06433823529411764 0.6772875816993464 0.028186274509803922 0.058823529411764705
0 0.5719975490196079 0.38235294117647056 0.02389705882352941 0.05228758169934641
0 0.33792892156862747 0.17769607843137256 0.06433823529411764 0.035130718954248366
0 0.15778186274509803 0.3709150326797386 0.0704656862745098 0.03758169934640523
0 0.4791666666666667 0.5751633986928104 0.03553921568627451 0.10457516339869281
0 0.9678308823529411 0.6915849673202614 0.04963235294117647 0.08741830065359477