0 0.31556372549019607 0.5776143790849673 0.03308823529411765 0.07516339869281045
0 0.2849264705882353 0.372140522875817 0.028186274509803922 0.09722222222222222
0 0.17371323529411764 0.6821895424836601 0.03002450980392157 0.09477124183006536
0 0.33425245098039214 0.6523692810457516 0.052083333333333336 0.049836601307189546
0 0.9408700980392157 0.39338235294117646 0.04840686274509804 0.059640522875817
0 0.44454656862745096 0.9444444444444444 0.03002450980392157 0.09640522875816994
0 0.6740196078431373 0.6229575163398693 0.030637254901960783 0.07924836601307189
0 0.23897058823529413 0.7712418300653595 0.04779411764705882 0.05228758169934641
0 0.16237745098039216 0.9089052287581699 0.031862745098039214 0.07107843137254902
0 0.8655024509803921 0.9681372549019608 0.028799019607843136 0.05718954248366013
0 0.5459558823529411 0.06985294117647059 0.03553921568627451 0.035130718954248366