0 0.23682598039215685 0.2798202614379085 0.06678921568627451 0.04003267973856209
0 0.3235294117647059 0.4485294117647059 0.04044117647058824 0.03431372549019608
0 0.36795343137254904 0.46895424836601307 0.0508578431372549 0.03758169934640523
0 0.4059436274509804 0.5261437908496732 0.02267156862745098 0.08823529411764706
0 0.22579656862745098 0.4840686274509804 0.061887254901960786 0.03676470588235294
0 0.19914215686274508 0.9133986928104575 0.07230392156862746 0.0457516339869281
0 0.4727328431372549 0.23447712418300654 0.03002450980392157 0.07026143790849673
0 0.5499387254901961 0.22099673202614378 0.02267156862745098 0.06454248366013073
0 0.5759803921568627 0.28431372549019607 0.041666666666666664 0.06209150326797386
0 0.8155637254901961 0.2034313725490196 0.023284313725490197 0.06209150326797386
0 0.9463848039215687 0.7647058823529411 0.052083333333333336 0.06862745098039216
0 0.6905637254901961 0.9227941176470589 0.03308823529411765 0.08088235294117647
0 0.515625 0.07924836601307189 0.025122549019607844 0.0915032679738562
0 0.5998774509803921 0.03880718954248366 0.0392156862745098 0.05473856209150327
0 0.2778799019607843 0.16380718954248366 0.027573529411764705 0.07761437908496732
0 0.6580882352941176 0.6940359477124183 0.04411764705882353 0.07924836601307189