0 0.038168 0.301668 0.065232 0.158480
0 0.123872 0.367470 0.060375 0.082484
0 0.339001 0.337813 0.090909 0.106580
0 0.744969 0.068119 0.047883 0.134384
0 0.671756 0.027804 0.116586 0.050046
0 0.752255 0.384615 0.054129 0.129750
0 0.690493 0.478221 0.086051 0.037071
0 0.561416 0.552827 0.088827 0.075070
0 0.494101 0.632530 0.049965 0.110287
0 0.310548 0.524560 0.065926 0.085264
0 0.352880 0.651529 0.053435 0.126043
0 0.424358 0.660334 0.043720 0.039852
0 0.823734 0.755792 0.047189 0.130677
0 0.666898 0.935125 0.054129 0.129750
0 0.773074 0.924004 0.026371 0.100093
0 0.029493 0.582020 0.057599 0.083411
0 0.799792 0.888786 0.081194 0.037071
0 0.570437 0.623262 0.036086 0.113994
0 0.749827 0.396664 0.034004 0.105653
