0 0.6234681372549019 0.7728758169934641 0.03002450980392157 0.07679738562091504
0 0.5805759803921569 0.5526960784313726 0.026348039215686275 0.07434640522875817
0 0.8606004901960784 0.7455065359477124 0.052083333333333336 0.04656862745098039
0 0.9684436274509803 0.5878267973856209 0.03002450980392157 0.049836601307189546
0 0.15533088235294118 0.0923202614379085 0.037377450980392156 0.029411764705882353
0 0.5386029411764706 0.7242647058823529 0.031862745098039214 0.08415032679738563
0 0.4362745098039216 0.5686274509803921 0.028186274509803922 0.05718954248366013
0 0.7150735294117647 0.5674019607843137 0.029411764705882353 0.06944444444444445
0 0.7561274509803921 0.4722222222222222 0.03553921568627451 0.05718954248366013
0 0.9129901960784313 0.1053921568627451 0.03308823529411765 0.049019607843137254
0 0.9794730392156863 0.1474673202614379 0.03125 0.0727124183006536
0 0.6991421568627451 0.049019607843137254 0.03308823529411765 0.08823529411764706
0 0.7530637254901961 0.7352941176470589 0.04411764705882353 0.04084967320261438
0 0.8275122549019608 0.3819444444444444 0.02144607843137255 0.04820261437908497