0 0.655637 0.235294 0.053922 0.052288
0 0.561581 0.452614 0.026348 0.065359
0 0.165441 0.664624 0.022059 0.049837
0 0.158088 0.770833 0.026961 0.077614
0 0.278493 0.618873 0.023897 0.046569
0 0.219363 0.535948 0.049020 0.026144
0 0.210784 0.434232 0.037990 0.038399
0 0.407782 0.154412 0.018995 0.068627
0 0.238358 0.243873 0.041667 0.025327
0 0.747549 0.655637 0.049020 0.031863
0 0.271446 0.074346 0.028186 0.070261
0 0.185662 0.958742 0.033088 0.035131
0 0.811887 0.474673 0.040441 0.055556
0 0.292279 0.714461 0.061275 0.054739
0 0.322917 0.462010 0.046569 0.026961
0 0.257966 0.408905 0.045343 0.031863
0 0.276348 0.305147 0.034314 0.097222
0 0.297181 0.557598 0.040441 0.031863
0 0.280331 0.544118 0.026348 0.055556
0 0.804841 0.504902 0.074142 0.049020
0 0.736213 0.598448 0.039828 0.053105
