0 0.8118872549019608 0.08374183006535947 0.029411764705882353 0.0727124183006536
0 0.5983455882352942 0.6866830065359477 0.02389705882352941 0.059640522875817
0 0.08026960784313726 0.5416666666666666 0.0821078431372549 0.042483660130718956
0 0.5631127450980392 0.4223856209150327 0.0428921568627451 0.05228758169934641
0 0.4488357843137255 0.9513888888888888 0.03002450980392157 0.07761437908496732
0 0.4892769607843137 0.9379084967320261 0.027573529411764705 0.06045751633986928
0 0.5594362745098039 0.9358660130718954 0.022058823529411766 0.061274509803921566
0 0.5505514705882353 0.886437908496732 0.05943627450980392 0.05228758169934641
0 0.4381127450980392 0.815359477124183 0.04656862745098039 0.05555555555555555
0 0.4721200980392157 0.7773692810457516 0.03370098039215686 0.04330065359477124
0 0.15410539215686275 0.9501633986928104 0.03002450980392157 0.06209150326797386
0 0.9209558823529411 0.238562091503268 0.0392156862745098 0.05228758169934641
0 0.9800857843137255 0.315359477124183 0.03860294117647059 0.05392156862745098
0 0.6286764705882353 0.33986928104575165 0.04044117647058824 0.0457516339869281
0 0.04779411764705882 0.8321078431372549 0.03553921568627451 0.035130718954248366