0 0.535417 0.830399 0.087500 0.081557
0 0.104514 0.493513 0.049306 0.058387
0 0.053472 0.228916 0.044444 0.061168
0 0.168403 0.125579 0.140972 0.149212
0 0.193403 0.053290 0.057639 0.104727
0 0.618403 0.107507 0.067361 0.055607
0 0.567014 0.225209 0.046528 0.114921
0 0.710764 0.213624 0.095139 0.041705
0 0.602778 0.455514 0.093056 0.093605
0 0.587153 0.529194 0.065972 0.053753
0 0.585417 0.600093 0.076389 0.069509
0 0.710764 0.594995 0.046528 0.044486
0 0.757292 0.616311 0.060417 0.087118
0 0.972569 0.422614 0.052083 0.079703
0 0.981250 0.242817 0.037500 0.055607
0 0.061806 0.235867 0.030556 0.056534
0 0.693403 0.610287 0.038194 0.056534
