0 0.540748 0.289624 0.027574 0.069444
0 0.678002 0.213644 0.020221 0.079248
0 0.775429 0.393382 0.050858 0.046569
0 0.300858 0.477124 0.044118 0.032680
0 0.486520 0.560049 0.060049 0.066176
0 0.599571 0.648693 0.025123 0.063725
0 0.619179 0.216912 0.042279 0.018791
0 0.621017 0.189951 0.034926 0.056373
0 0.425551 0.466912 0.054534 0.033497
0 0.555760 0.790850 0.026961 0.063725
0 0.876225 0.345180 0.047794 0.043301
0 0.721814 0.258987 0.042892 0.106209
0 0.534620 0.114379 0.025123 0.065359
0 0.516544 0.432598 0.031863 0.098856
0 0.558824 0.600899 0.037990 0.043301
0 0.606924 0.513480 0.025123 0.061275
0 0.614277 0.419526 0.034926 0.041667
