0 0.5367647058823529 0.4199346405228758 0.024509803921568627 0.05228758169934641
0 0.19148284313725492 0.10008169934640523 0.05821078431372549 0.04003267973856209
0 0.9286151960784313 0.5126633986928104 0.02389705882352941 0.07434640522875817
0 0.22120098039215685 0.45179738562091504 0.028186274509803922 0.08169934640522876
0 0.2613357843137255 0.5551470588235294 0.03002450980392157 0.049836601307189546
0 0.01991421568627451 0.7344771241830066 0.034926470588235295 0.08986928104575163
0 0.11029411764705882 0.940359477124183 0.012254901960784314 0.016339869281045753
0 0.1253063725490196 0.9665032679738562 0.03002450980392157 0.05228758169934641
0 0.5496323529411765 0.5065359477124183 0.031862745098039214 0.05718954248366013
0 0.7475490196078431 0.16299019607843138 0.03799019607843137 0.035130718954248366
0 0.14583333333333334 0.24101307189542484 0.031862745098039214 0.03758169934640523
0 0.8483455882352942 0.4881535947712418 0.0508578431372549 0.041666666666666664
0 0.8446691176470589 0.46200980392156865 0.04840686274509804 0.04656862745098039
0 0.3943014705882353 0.16013071895424835 0.03002450980392157 0.06372549019607843