0 0.18075980392156862 0.6274509803921569 0.03308823529411765 0.05718954248366013
0 0.04595588235294118 0.6331699346405228 0.03676470588235294 0.0392156862745098
0 0.6182598039215687 0.6544117647058824 0.0428921568627451 0.03758169934640523
0 0.7291666666666666 0.6748366013071896 0.0392156862745098 0.06045751633986928
0 0.8002450980392157 0.9816176470588235 0.03553921568627451 0.03022875816993464
0 0.7352941176470589 0.9734477124183006 0.049019607843137254 0.051470588235294115
0 0.9712009803921569 0.5371732026143791 0.04044117647058824 0.031862745098039214
0 0.7732843137254902 0.2079248366013072 0.0392156862745098 0.07924836601307189
0 0.38848039215686275 0.3684640522875817 0.041666666666666664 0.049019607843137254
0 0.9433210784313726 0.12826797385620914 0.06066176470588235 0.03758169934640523
0 0.044730392156862746 0.8218954248366013 0.03431372549019608 0.058823529411764705
0 0.8814338235294118 0.9113562091503268 0.03002450980392157 0.035130718954248366
0 0.08854166666666667 0.3214869281045752 0.05575980392156863 0.025326797385620915
0 0.11550245098039216 0.30800653594771243 0.02144607843137255 0.0457516339869281