0 0.09987745098039216 0.10743464052287582 0.04044117647058824 0.025326797385620915
0 0.5015318627450981 0.4526143790849673 0.018995098039215685 0.05228758169934641
0 0.6295955882352942 0.34477124183006536 0.017769607843137254 0.06209150326797386
0 0.45098039215686275 0.5012254901960784 0.0392156862745098 0.02369281045751634
0 0.4255514705882353 0.5514705882352942 0.018995098039215685 0.08169934640522876
0 0.48743872549019607 0.5232843137254902 0.04718137254901961 0.025326797385620915
0 0.4528186274509804 0.5555555555555556 0.04044117647058824 0.058823529411764705
0 0.49050245098039214 0.5686274509803921 0.06311274509803921 0.05065359477124183
0 0.6397058823529411 0.9199346405228758 0.030637254901960783 0.05555555555555555
0 0.48682598039215685 0.8366013071895425 0.06066176470588235 0.03758169934640523
0 0.9819240196078431 0.6454248366013072 0.03125 0.10620915032679738
0 0.9558823529411765 0.6552287581699346 0.028186274509803922 0.058823529411764705
0 0.8627450980392157 0.6213235294117647 0.041666666666666664 0.03839869281045752
0 0.23314950980392157 0.07679738562091504 0.026348039215686275 0.09967320261437909