0 0.3446691176470588 0.24632352941176472 0.02389705882352941 0.03676470588235294
0 0.33057598039215685 0.4444444444444444 0.028799019607843136 0.06209150326797386
0 0.6764705882352942 0.5972222222222222 0.03308823529411765 0.04738562091503268
0 0.5744485294117647 0.4526143790849673 0.018995098039215685 0.0457516339869281
0 0.5713848039215687 0.377859477124183 0.03002450980392157 0.02696078431372549
0 0.11121323529411764 0.7875816993464052 0.015318627450980392 0.04411764705882353
0 0.24080882352941177 0.9399509803921569 0.029411764705882353 0.022058823529411766
0 0.7018995098039216 0.7058823529411765 0.025122549019607844 0.03594771241830065
0 0.7306985294117647 0.6560457516339869 0.025122549019607844 0.03758169934640523
0 0.6050857843137255 0.06495098039215687 0.04718137254901961 0.059640522875817
0 0.49724264705882354 0.3255718954248366 0.02144607843137255 0.02369281045751634
0 0.5321691176470589 0.5976307189542484 0.032475490196078434 0.028594771241830064
0 0.8299632352941176 0.9820261437908496 0.018995098039215685 0.03431372549019608