0 0.5505514705882353 0.6695261437908496 0.026348039215686275 0.06944444444444445
0 0.7708333333333334 0.6372549019607843 0.06004901960784314 0.049019607843137254
0 0.8872549019607843 0.7753267973856209 0.028186274509803922 0.05718954248366013
0 0.11979166666666667 0.0661764705882353 0.04105392156862745 0.06209150326797386
0 0.22150735294117646 0.5526960784313726 0.02389705882352941 0.04493464052287582
0 0.3128063725490196 0.7107843137254902 0.027573529411764705 0.06209150326797386
0 0.8636642156862745 0.9027777777777778 0.04350490196078431 0.049019607843137254
0 0.7401960784313726 0.8819444444444444 0.031862745098039214 0.10866013071895425
0 0.07506127450980392 0.4513888888888889 0.042279411764705885 0.0727124183006536
0 0.035845588235294115 0.23080065359477125 0.06924019607843138 0.07434640522875817
0 0.0661764705882353 0.9714052287581699 0.02696078431372549 0.04738562091503268
0 0.2028186274509804 0.3059640522875817 0.051470588235294115 0.03839869281045752
0 0.8002450980392157 0.9089052287581699 0.07598039215686274 0.03676470588235294