0 0.7539828431372549 0.3684640522875817 0.02267156862745098 0.07516339869281045
0 0.3023897058823529 0.3700980392156863 0.04840686274509804 0.04738562091503268
0 0.6850490196078431 0.5964052287581699 0.029411764705882353 0.06209150326797386
0 0.24662990196078433 0.875 0.03370098039215686 0.06209150326797386
0 0.4172794117647059 0.7450980392156863 0.0392156862745098 0.05228758169934641
0 0.6991421568627451 0.38848039215686275 0.028186274509803922 0.05473856209150327
0 0.23805147058823528 0.6691176470588235 0.02144607843137255 0.05392156862745098
0 0.43167892156862747 0.931781045751634 0.061887254901960786 0.025326797385620915
0 0.9375 0.7352941176470589 0.031862745098039214 0.05392156862745098
0 0.5134803921568627 0.5049019607843137 0.03553921568627451 0.058823529411764705
0 0.3425245098039216 0.1830065359477124 0.0428921568627451 0.0392156862745098
0 0.16758578431372548 0.3582516339869281 0.02144607843137255 0.041666666666666664