0 0.28431372549019607 0.619281045751634 0.04044117647058824 0.05392156862745098
0 0.18964460784313725 0.8860294117647058 0.05821078431372549 0.0661764705882353
0 0.36734068627450983 0.19158496732026145 0.02389705882352941 0.0923202614379085
0 0.5297181372549019 0.39133986928104575 0.032475490196078434 0.05392156862745098
0 0.4518995098039216 0.5081699346405228 0.028799019607843136 0.049019607843137254
0 0.4476102941176471 0.6290849673202614 0.02267156862745098 0.08823529411764706
0 0.3697916666666667 0.8018790849673203 0.04963235294117647 0.04493464052287582
0 0.5842524509803921 0.6388888888888888 0.0508578431372549 0.04411764705882353
0 0.6865808823529411 0.5306372549019608 0.032475490196078434 0.07924836601307189
0 0.7889093137254902 0.4113562091503268 0.025122549019607844 0.06781045751633986
0 0.7837009803921569 0.47058823529411764 0.03799019607843137 0.06045751633986928
0 0.9564950980392157 0.6397058823529411 0.02696078431372549 0.05555555555555555
0 0.7300857843137255 0.9730392156862745 0.02144607843137255 0.04411764705882353
0 0.12316176470588236 0.33578431372549017 0.06740196078431372 0.05718954248366013
0 0.13511029411764705 0.41830065359477125 0.034926470588235295 0.0915032679738562
0 0.8719362745098039 0.23529411764705882 0.03431372549019608 0.10620915032679738
0 0.7708333333333334 0.17197712418300654 0.03431372549019608 0.08741830065359477
0 0.7328431372549019 0.05310457516339869 0.029411764705882353 0.07516339869281045