0 0.670143 0.355918 0.065616 0.132688
0 0.688368 0.461094 0.087481 0.064727
0 0.812905 0.412553 0.030376 0.122975
0 0.027676 0.192488 0.055351 0.071205
0 0.074186 0.258026 0.049819 0.124597
0 0.185358 0.025046 0.102060 0.050093
0 0.299569 0.108346 0.106917 0.048536
0 0.379756 0.036372 0.085052 0.072743
0 0.465351 0.080028 0.091246 0.079296
0 0.512192 0.182776 0.094767 0.051779
0 0.701729 0.081650 0.051030 0.108415
0 0.707199 0.173883 0.066827 0.076052
0 0.756406 0.122910 0.068038 0.242725
0 0.866364 0.198151 0.078977 0.046923
0 0.864541 0.162549 0.068038 0.059870
0 0.841458 0.775825 0.092338 0.144013
0 0.122178 0.820320 0.097203 0.071205
0 0.472095 0.571937 0.065609 0.066339
