0 0.0585171568627451 0.7340686274509803 0.04595588235294118 0.07924836601307189
0 0.6899509803921569 0.7855392156862745 0.06495098039215687 0.04656862745098039
0 0.774203431372549 0.7197712418300654 0.03002450980392157 0.09803921568627451
0 0.6761642156862745 0.8986928104575164 0.03125 0.06372549019607843
0 0.5392156862745098 0.3035130718954248 0.031862745098039214 0.07924836601307189
0 0.47089460784313725 0.21200980392156862 0.03125 0.0727124183006536
0 0.6896446078431373 0.36560457516339867 0.02022058823529412 0.06944444444444445
0 0.8314950980392157 0.6470588235294118 0.03799019607843137 0.09803921568627451
0 0.45128676470588236 0.7242647058823529 0.027573529411764705 0.0727124183006536
0 0.4522058823529412 0.4387254901960784 0.03676470588235294 0.05065359477124183
0 0.6783088235294118 0.18668300653594772 0.03431372549019608 0.07598039215686274
0 0.4341299019607843 0.12581699346405228 0.028799019607843136 0.06209150326797386