0 0.45925245098039214 0.7814542483660131 0.03370098039215686 0.07434640522875817
0 0.9227941176470589 0.9419934640522876 0.031862745098039214 0.10130718954248366
0 0.33792892156862747 0.45302287581699346 0.04105392156862745 0.06454248366013073
0 0.41911764705882354 0.3672385620915033 0.028186274509803922 0.0923202614379085
0 0.33057598039215685 0.12091503267973856 0.026348039215686275 0.0718954248366013
0 0.3949142156862745 0.10130718954248366 0.0508578431372549 0.0718954248366013
0 0.6553308823529411 0.14624183006535948 0.03002450980392157 0.05228758169934641
0 0.09160539215686274 0.9436274509803921 0.028799019607843136 0.05228758169934641
0 0.1173406862745098 0.9342320261437909 0.03002450980392157 0.061274509803921566
0 0.13020833333333334 0.8341503267973857 0.02022058823529412 0.05228758169934641
0 0.15012254901960784 0.8574346405228758 0.03553921568627451 0.07924836601307189
0 0.34620098039215685 0.22181372549019607 0.03553921568627451 0.0661764705882353