0 0.030330882352941176 0.5674019607843137 0.03002450980392157 0.049836601307189546
0 0.21660539215686275 0.5326797385620915 0.05575980392156863 0.0392156862745098
0 0.1400122549019608 0.622140522875817 0.04840686274509804 0.05473856209150327
0 0.43504901960784315 0.5674019607843137 0.029411764705882353 0.07924836601307189
0 0.44332107843137253 0.9395424836601307 0.02389705882352941 0.08660130718954248
0 0.6219362745098039 0.5657679738562091 0.04779411764705882 0.035130718954248366
0 0.7711397058823529 0.8668300653594772 0.0508578431372549 0.04411764705882353
0 0.8939950980392157 0.4415849673202614 0.04044117647058824 0.08088235294117647
0 0.05759803921568627 0.8598856209150327 0.0392156862745098 0.07434640522875817
0 0.3400735294117647 0.6070261437908496 0.03308823529411765 0.07026143790849673
0 0.3480392156862745 0.9648692810457516 0.041666666666666664 0.05718954248366013