0 0.6783088235294118 0.176062091503268 0.07965686274509803 0.035130718954248366
0 0.26776960784313725 0.5404411764705882 0.03799019607843137 0.07598039215686274
0 0.20465686274509803 0.8227124183006536 0.04044117647058824 0.04738562091503268
0 0.3075980392156863 0.9342320261437909 0.03676470588235294 0.04656862745098039
0 0.2653186274509804 0.7965686274509803 0.028186274509803922 0.049019607843137254
0 0.7325367647058824 0.5796568627450981 0.06433823529411764 0.025326797385620915
0 0.3799019607843137 0.6793300653594772 0.0821078431372549 0.08415032679738563
0 0.9571078431372549 0.5649509803921569 0.04044117647058824 0.03022875816993464
0 0.9837622549019608 0.8962418300653595 0.027573529411764705 0.058823529411764705
0 0.6663602941176471 0.2687908496732026 0.05330882352941176 0.049019607843137254
0 0.9577205882352942 0.45098039215686275 0.04656862745098039 0.058823529411764705
0 0.25796568627450983 0.2883986928104575 0.030637254901960783 0.04411764705882353
0 0.1213235294117647 0.46119281045751637 0.028186274509803922 0.04820261437908497