0 0.954305 0.136063 0.056391 0.045792
0 0.805203 0.406698 0.052875 0.139563
0 0.702148 0.073615 0.049641 0.112229
0 0.702688 0.162812 0.074469 0.092083
0 0.746937 0.115219 0.083094 0.230437
0 0.025719 0.197354 0.051438 0.074833
0 0.339023 0.823969 0.067984 0.096396
0 0.062219 0.309510 0.025906 0.057687
0 0.464203 0.573615 0.085250 0.079146
0 0.464203 0.079292 0.080938 0.066333
0 0.294234 0.103760 0.120875 0.043313
0 0.377336 0.033208 0.086328 0.066417
0 0.603945 0.802385 0.047484 0.099271
0 0.505742 0.183688 0.112234 0.070500
0 0.149633 0.116062 0.060422 0.061875
0 0.161500 0.019542 0.071219 0.039083
0 0.210602 0.018823 0.020516 0.037646
0 0.666211 0.351948 0.054609 0.136521
0 0.679922 0.453229 0.094219 0.057292
0 0.296797 0.309677 0.043281 0.063104
0 0.060141 0.249417 0.056281 0.108833
0 0.791250 0.630938 0.115312 0.045625
0 0.836016 0.772813 0.097031 0.136875
0 0.869297 0.175958 0.086094 0.106083
0 0.118672 0.814063 0.087656 0.064792
