0 0.486520 0.142565 0.055147 0.044935
0 0.492647 0.246324 0.041667 0.097222
0 0.805453 0.074346 0.050858 0.058824
0 0.304228 0.456699 0.066789 0.053922
0 0.090380 0.316585 0.049632 0.051471
0 0.164828 0.402369 0.074755 0.041667
0 0.784620 0.261438 0.059436 0.047386
0 0.441176 0.604984 0.025735 0.087418
0 0.733150 0.549428 0.030025 0.077614
0 0.531863 0.898693 0.044118 0.104575
0 0.608150 0.879493 0.030025 0.059641
0 0.978248 0.655229 0.026348 0.035948
0 0.475184 0.572304 0.018995 0.049837
0 0.326287 0.551879 0.056985 0.041667
0 0.578738 0.871732 0.059436 0.047386
0 0.788603 0.332108 0.053922 0.041667
