0 0.3789828431372549 0.5269607843137255 0.04105392156862745 0.0915032679738562
0 0.31893382352941174 0.8218954248366013 0.026348039215686275 0.06535947712418301
0 0.32138480392156865 0.875 0.018995098039215685 0.04411764705882353
0 0.4102328431372549 0.7079248366013072 0.04963235294117647 0.06454248366013073
0 0.5352328431372549 0.829248366013072 0.0545343137254902 0.04084967320261438
0 0.4690563725490196 0.8598856209150327 0.02267156862745098 0.06781045751633986
0 0.6485906862745098 0.3235294117647059 0.06801470588235294 0.05718954248366013
0 0.2800245098039216 0.34477124183006536 0.06985294117647059 0.017973856209150325
0 0.3069852941176471 0.17647058823529413 0.04534313725490196 0.042483660130718956
0 0.46292892156862747 0.4644607843137255 0.06311274509803921 0.031862745098039214
0 0.19393382352941177 0.6115196078431373 0.06433823529411764 0.022058823529411766
0 0.01838235294117647 0.9166666666666666 0.03676470588235294 0.03594771241830065
0 0.5885416666666666 0.1417483660130719 0.042279411764705885 0.04003267973856209
0 0.5404411764705882 0.49387254901960786 0.02696078431372549 0.02696078431372549
0 0.09895833333333333 0.7553104575163399 0.061887254901960786 0.03349673202614379
0 0.6498161764705882 0.7201797385620915 0.05575980392156863 0.04003267973856209