0 0.27818627450980393 0.24387254901960784 0.04779411764705882 0.03839869281045752
0 0.7484681372549019 0.24877450980392157 0.02267156862745098 0.0661764705882353
0 0.8207720588235294 0.3937908496732026 0.06556372549019608 0.05555555555555555
0 0.7567401960784313 0.4285130718954248 0.029411764705882353 0.06781045751633986
0 0.6930147058823529 0.43913398692810457 0.07352941176470588 0.031862745098039214
0 0.17800245098039216 0.47875816993464054 0.05575980392156863 0.05718954248366013
0 0.22120098039215685 0.6025326797385621 0.05269607843137255 0.028594771241830064
0 0.3544730392156863 0.6413398692810458 0.05943627450980392 0.05228758169934641
0 0.39368872549019607 0.9080882352941176 0.06433823529411764 0.025326797385620915
0 0.3786764705882353 0.9268790849673203 0.03676470588235294 0.028594771241830064
0 0.41513480392156865 0.9399509803921569 0.026348039215686275 0.025326797385620915
0 0.42463235294117646 0.9848856209150327 0.0428921568627451 0.02696078431372549
0 0.8731617647058824 0.7883986928104575 0.07475490196078431 0.10294117647058823
0 0.8811274509803921 0.6736111111111112 0.04044117647058824 0.06290849673202614
0 0.7536764705882353 0.5616830065359477 0.04534313725490196 0.04003267973856209