0 0.7156862745098039 0.7540849673202614 0.0392156862745098 0.08496732026143791
0 0.8082107843137255 0.9158496732026143 0.025735294117647058 0.07026143790849673
0 0.9620098039215687 0.8962418300653595 0.020833333333333332 0.10947712418300654
0 0.9378063725490197 0.5964052287581699 0.034926470588235295 0.07679738562091504
0 0.7913602941176471 0.5588235294117647 0.05575980392156863 0.05718954248366013
0 0.10845588235294118 0.3860294117647059 0.056372549019607844 0.03022875816993464
0 0.4099264705882353 0.04779411764705882 0.06862745098039216 0.04003267973856209
0 0.6580882352941176 0.09027777777777778 0.03553921568627451 0.06454248366013073
0 0.07689950980392157 0.5016339869281046 0.03002450980392157 0.07679738562091504
0 0.13204656862745098 0.031862745098039214 0.026348039215686275 0.06045751633986928
0 0.6663602941176471 0.5404411764705882 0.02022058823529412 0.0661764705882353
0 0.3008578431372549 0.05392156862745098 0.028186274509803922 0.06699346405228758