0 0.4693627450980392 0.6209150326797386 0.0392156862745098 0.042483660130718956
0 0.7484681372549019 0.1919934640522876 0.03002450980392157 0.06535947712418301
0 0.6850490196078431 0.03431372549019608 0.03308823529411765 0.06699346405228758
0 0.24662990196078433 0.7242647058823529 0.04105392156862745 0.04003267973856209
0 0.6746323529411765 0.16584967320261437 0.0392156862745098 0.06209150326797386
0 0.2977941176470588 0.1895424836601307 0.05024509803921569 0.03431372549019608
0 0.14767156862745098 0.5861928104575164 0.05269607843137255 0.03676470588235294
0 0.11519607843137254 0.8909313725490197 0.05392156862745098 0.035130718954248366
0 0.5245098039215687 0.49550653594771243 0.025735294117647058 0.059640522875817
0 0.2699142156862745 0.5371732026143791 0.06433823529411764 0.04493464052287582
0 0.5759803921568627 0.9705882352941176 0.041666666666666664 0.049019607843137254
0 0.3633578431372549 0.27001633986928103 0.0392156862745098 0.09068627450980392