0 0.8360906862745098 0.8125 0.037377450980392156 0.08741830065359477
0 0.2867647058823529 0.6172385620915033 0.05024509803921569 0.08905228758169935
0 0.49111519607843135 0.3075980392156863 0.026348039215686275 0.06781045751633986
0 0.6764705882352942 0.4918300653594771 0.0428921568627451 0.05718954248366013
0 0.9117647058823529 0.5416666666666666 0.0428921568627451 0.05228758169934641
0 0.04411764705882353 0.7034313725490197 0.024509803921568627 0.05718954248366013
0 0.30575980392156865 0.372140522875817 0.03308823529411765 0.07598039215686274
0 0.21476715686274508 0.16544117647058823 0.034926470588235295 0.06454248366013073
0 0.17800245098039216 0.5825163398692811 0.02267156862745098 0.05228758169934641
0 0.060355392156862746 0.6225490196078431 0.025122549019607844 0.04411764705882353
0 0.6587009803921569 0.2295751633986928 0.03799019607843137 0.04411764705882353
0 0.7478553921568627 0.20833333333333334 0.026348039215686275 0.03594771241830065
0 0.7965686274509803 0.08251633986928104 0.028186274509803922 0.05718954248366013
0 0.1403186274509804 0.7708333333333334 0.028186274509803922 0.03676470588235294
0 0.7662377450980392 0.6674836601307189 0.037377450980392156 0.05065359477124183
0 0.7313112745098039 0.5490196078431373 0.05698529411764706 0.0457516339869281