0 0.24571078431372548 0.8525326797385621 0.0392156862745098 0.0923202614379085
0 0.7352941176470589 0.920751633986928 0.10049019607843138 0.08006535947712418
0 0.5003063725490197 0.39215686274509803 0.03002450980392157 0.05718954248366013
0 0.3333333333333333 0.4505718954248366 0.031862745098039214 0.06454248366013073
0 0.6691176470588235 0.5951797385620915 0.0428921568627451 0.035130718954248366
0 0.7977941176470589 0.14991830065359477 0.03553921568627451 0.06454248366013073
0 0.5113357843137255 0.22794117647058823 0.044730392156862746 0.05065359477124183
0 0.5438112745098039 0.14910130718954248 0.025122549019607844 0.06944444444444445
0 0.8290441176470589 0.33169934640522875 0.041666666666666664 0.05555555555555555
0 0.17064950980392157 0.33578431372549017 0.032475490196078434 0.06699346405228758
0 0.4096200980392157 0.5498366013071896 0.034926470588235295 0.05065359477124183
0 0.616421568627451 0.42810457516339867 0.041666666666666664 0.05392156862745098
0 0.6081495098039216 0.24019607843137256 0.03002450980392157 0.06535947712418301
0 0.6348039215686274 0.5465686274509803 0.0428921568627451 0.04084967320261438
0 0.9800857843137255 0.8051470588235294 0.03002450980392157 0.0727124183006536