0 0.538909 0.499183 0.042279 0.058824
0 0.468444 0.459150 0.028799 0.050654
0 0.978248 0.350490 0.032475 0.075163
0 0.678615 0.352941 0.026348 0.037582
0 0.546875 0.822304 0.016544 0.041667
0 0.520221 0.809232 0.046569 0.026961
0 0.048713 0.363154 0.021446 0.053105
0 0.057292 0.322712 0.026348 0.058824
0 0.821385 0.392974 0.023897 0.063725
0 0.841605 0.411356 0.028799 0.064542
0 0.246936 0.584150 0.023284 0.058824
0 0.524510 0.771650 0.053922 0.041667
0 0.517463 0.756944 0.018995 0.051471
0 0.773897 0.843546 0.033088 0.059641
