0 0.6531862745098039 0.6474673202614379 0.06740196078431372 0.05473856209150327
0 0.8416053921568627 0.6049836601307189 0.037377450980392156 0.049836601307189546
0 0.2346813725490196 0.7218137254901961 0.0392156862745098 0.059640522875817
0 0.27389705882352944 0.17197712418300654 0.03553921568627451 0.07924836601307189
0 0.5750612745098039 0.12336601307189543 0.05943627450980392 0.05228758169934641
0 0.6243872549019608 0.10620915032679738 0.031862745098039214 0.06699346405228758
0 0.796875 0.30269607843137253 0.0704656862745098 0.041666666666666664
0 0.5012254901960784 0.5592320261437909 0.031862745098039214 0.10702614379084967
0 0.5076593137254902 0.34763071895424835 0.044730392156862746 0.08251633986928104
0 0.47702205882352944 0.7340686274509803 0.04718137254901961 0.04493464052287582
0 0.6182598039215687 0.5379901960784313 0.05024509803921569 0.03676470588235294
0 0.3241421568627451 0.5808823529411765 0.051470588235294115 0.0392156862745098
0 0.3020833333333333 0.616421568627451 0.030637254901960783 0.059640522875817
0 0.2604166666666667 0.8366013071895425 0.04779411764705882 0.04738562091503268
0 0.6936274509803921 0.027777777777777776 0.03431372549019608 0.05555555555555555
0 0.4834558823529412 0.2042483660130719 0.06985294117647059 0.04738562091503268
0 0.19761029411764705 0.0428921568627451 0.06433823529411764 0.035130718954248366
0 0.8394607843137255 0.9003267973856209 0.03553921568627451 0.05392156862745098
0 0.6853553921568627 0.9799836601307189 0.04595588235294118 0.03676470588235294
0 0.5196078431372549 0.016748366013071895 0.04779411764705882 0.03349673202614379