0 0.5337009803921569 0.5187908496732027 0.07475490196078431 0.04738562091503268
0 0.5609681372549019 0.4742647058823529 0.03125 0.06781045751633986
0 0.5980392156862745 0.18831699346405228 0.04656862745098039 0.0923202614379085
0 0.9004289215686274 0.20710784313725492 0.05821078431372549 0.059640522875817
0 0.6755514705882353 0.4783496732026144 0.04105392156862745 0.05473856209150327
0 0.6449142156862745 0.05392156862745098 0.02022058823529412 0.06209150326797386
0 0.5609681372549019 0.7156862745098039 0.02389705882352941 0.07679738562091504
0 0.2184436274509804 0.7504084967320261 0.03370098039215686 0.06290849673202614
0 0.2539828431372549 0.5196078431372549 0.05330882352941176 0.05392156862745098
0 0.39889705882352944 0.6139705882352942 0.03676470588235294 0.03676470588235294
0 0.3961397058823529 0.6830065359477124 0.05943627450980392 0.04738562091503268
0 0.39767156862745096 0.7401960784313726 0.031862745098039214 0.05718954248366013
0 0.49816176470588236 0.815359477124183 0.028186274509803922 0.06535947712418301
0 0.5664828431372549 0.8321078431372549 0.03002450980392157 0.07924836601307189
0 0.8890931372549019 0.03880718954248366 0.030637254901960783 0.06781045751633986
0 0.5238970588235294 0.18790849673202614 0.04411764705882353 0.0457516339869281