0 0.625919 0.143791 0.096201 0.143791
0 0.849877 0.823938 0.078431 0.062908
0 0.127145 0.796977 0.045956 0.066176
0 0.440564 0.511029 0.044118 0.025327
0 0.488051 0.109477 0.022672 0.050654
0 0.541973 0.160948 0.064338 0.052288
0 0.147059 0.308007 0.041667 0.045752
0 0.183211 0.186683 0.047794 0.031863
0 0.944547 0.839461 0.030025 0.080882
0 0.782782 0.743056 0.032475 0.089052
0 0.208946 0.410539 0.046569 0.079248
0 0.529412 0.728758 0.052696 0.102941
0 0.616422 0.465278 0.045343 0.062908
0 0.080882 0.068219 0.013480 0.085784
0 0.736213 0.523693 0.021446 0.112745
0 0.176164 0.599265 0.027574 0.074346
