0 0.7466299019607843 0.5330882352941176 0.03370098039215686 0.049836601307189546
0 0.8342524509803921 0.6670751633986928 0.037377450980392156 0.049836601307189546
0 0.5588235294117647 0.7569444444444444 0.0428921568627451 0.06944444444444445
0 0.29411764705882354 0.6147875816993464 0.028186274509803922 0.05473856209150327
0 0.15165441176470587 0.6997549019607843 0.03002450980392157 0.05473856209150327
0 0.22028186274509803 0.12826797385620914 0.04105392156862745 0.03758169934640523
0 0.4368872549019608 0.024101307189542485 0.04534313725490196 0.041666666666666664
0 0.9329044117647058 0.7230392156862745 0.04840686274509804 0.042483660130718956
0 0.24754901960784315 0.2340686274509804 0.024509803921568627 0.06454248366013073
0 0.12346813725490197 0.10743464052287582 0.04840686274509804 0.04003267973856209
0 0.14399509803921567 0.5016339869281046 0.03553921568627451 0.032679738562091505
0 0.5946691176470589 0.9309640522875817 0.05698529411764706 0.02696078431372549
0 0.6155024509803921 0.9538398692810458 0.05575980392156863 0.031862745098039214
0 0.7738970588235294 0.8774509803921569 0.03308823529411765 0.049019607843137254
0 0.8020833333333334 0.18382352941176472 0.0392156862745098 0.06045751633986928
0 0.7423406862745098 0.38480392156862747 0.04840686274509804 0.05718954248366013
0 0.8851102941176471 0.6213235294117647 0.06801470588235294 0.031862745098039214
0 0.8838848039215687 0.6384803921568627 0.06801470588235294 0.03839869281045752
0 0.11825980392156862 0.8492647058823529 0.0392156862745098 0.08905228758169935
0 0.6461397058823529 0.26838235294117646 0.04840686274509804 0.03349673202614379
0 0.7775735294117647 0.2900326797385621 0.05269607843137255 0.04411764705882353
0 0.29840686274509803 0.34395424836601307 0.03553921568627451 0.04084967320261438
0 0.32015931372549017 0.01838235294117647 0.018995098039215685 0.03022875816993464
0 0.3900122549019608 0.8235294117647058 0.02389705882352941 0.058823529411764705