0 0.6568627450980392 0.6425653594771242 0.024509803921568627 0.061274509803921566
0 0.24387254901960784 0.579248366013072 0.025735294117647058 0.0457516339869281
0 0.09650735294117647 0.6838235294117647 0.028799019607843136 0.06535947712418301
0 0.3134191176470588 0.2675653594771242 0.025122549019607844 0.0727124183006536
0 0.8363970588235294 0.6797385620915033 0.07230392156862746 0.05392156862745098
0 0.7049632352941176 0.616421568627451 0.03125 0.0727124183006536
0 0.586703431372549 0.7704248366013072 0.04840686274509804 0.05718954248366013
0 0.7530637254901961 0.8263888888888888 0.051470588235294115 0.04330065359477124
0 0.8737745098039216 0.8643790849673203 0.030637254901960783 0.06862745098039216
0 0.6289828431372549 0.9477124183006536 0.04963235294117647 0.03758169934640523
0 0.6727941176470589 0.9648692810457516 0.04534313725490196 0.04411764705882353
0 0.5113357843137255 0.9652777777777778 0.03370098039215686 0.031862745098039214