0 0.25214460784313725 0.4930555555555556 0.03615196078431373 0.031862745098039214
0 0.23988970588235295 0.35171568627450983 0.06066176470588235 0.08251633986928104
0 0.7245710784313726 0.6764705882352942 0.09375 0.04411764705882353
0 0.7953431372549019 0.5228758169934641 0.07352941176470588 0.03758169934640523
0 0.4332107843137255 0.9632352941176471 0.03676470588235294 0.0718954248366013
0 0.6933210784313726 0.8337418300653595 0.06433823529411764 0.035130718954248366
0 0.06372549019607843 0.7512254901960784 0.051470588235294115 0.035130718954248366
0 0.6479779411764706 0.05228758169934641 0.02389705882352941 0.06372549019607843
0 0.9065563725490197 0.03349673202614379 0.03002450980392157 0.06045751633986928
0 0.4650735294117647 0.5102124183006536 0.07352941176470588 0.025326797385620915
0 0.28308823529411764 0.6188725490196079 0.025735294117647058 0.07434640522875817
0 0.7662377450980392 0.8464052287581699 0.04840686274509804 0.1111111111111111