0 0.18964460784313725 0.36437908496732024 0.04840686274509804 0.06372549019607843
0 0.24724264705882354 0.3839869281045752 0.05698529411764706 0.05555555555555555
0 0.20894607843137256 0.5151143790849673 0.03431372549019608 0.0661764705882353
0 0.14338235294117646 0.8406862745098039 0.0392156862745098 0.05555555555555555
0 0.35723039215686275 0.6266339869281046 0.04411764705882353 0.0392156862745098
0 0.6443014705882353 0.6433823529411765 0.02144607843137255 0.06944444444444445
0 0.6302083333333334 0.9268790849673203 0.04718137254901961 0.035130718954248366
0 0.43933823529411764 0.9579248366013072 0.03676470588235294 0.04003267973856209
0 0.5321691176470589 0.8337418300653595 0.0704656862745098 0.0661764705882353
0 0.9552696078431373 0.8848039215686274 0.049019607843137254 0.058823529411764705
0 0.7604166666666666 0.5118464052287581 0.07720588235294118 0.03839869281045752
0 0.7775735294117647 0.48080065359477125 0.03799019607843137 0.03022875816993464
0 0.8262867647058824 0.4644607843137255 0.044730392156862746 0.041666666666666664