0 0.8305759803921569 0.25326797385620914 0.04105392156862745 0.05718954248366013
0 0.2699142156862745 0.7377450980392157 0.03125 0.05718954248366013
0 0.34620098039215685 0.6356209150326797 0.03553921568627451 0.05228758169934641
0 0.15441176470588236 0.6968954248366013 0.024509803921568627 0.08006535947712418
0 0.6439950980392157 0.9640522875816994 0.05269607843137255 0.05228758169934641
0 0.5814950980392157 0.6670751633986928 0.05392156862745098 0.035130718954248366
0 0.2650122549019608 0.3872549019607843 0.04840686274509804 0.032679738562091505
0 0.6954656862745098 0.6372549019607843 0.05759803921568627 0.029411764705882353
0 0.7028186274509803 0.8586601307189542 0.05392156862745098 0.0392156862745098
0 0.36151960784313725 0.4550653594771242 0.012254901960784314 0.016339869281045753
0 0.37806372549019607 0.4963235294117647 0.03308823529411765 0.08251633986928104
0 0.024509803921568627 0.5894607843137255 0.049019607843137254 0.025326797385620915
0 0.16727941176470587 0.12050653594771242 0.0392156862745098 0.0727124183006536
0 0.47028186274509803 0.7851307189542484 0.037377450980392156 0.05555555555555555
0 0.6099877450980392 0.6172385620915033 0.04718137254901961 0.07107843137254902
0 0.6721813725490197 0.6752450980392157 0.0392156862745098 0.0727124183006536
0 0.6099877450980392 0.21854575163398693 0.05698529411764706 0.03839869281045752
0 0.029411764705882353 0.9325980392156863 0.029411764705882353 0.04003267973856209
0 0.5006127450980392 0.38766339869281047 0.06372549019607843 0.03676470588235294
0 0.7990196078431373 0.3423202614379085 0.03553921568627451 0.07026143790849673
0 0.5906862745098039 0.3423202614379085 0.0428921568627451 0.05392156862745098