0 0.2604166666666667 0.41094771241830064 0.04044117647058824 0.058823529411764705
0 0.3553921568627451 0.8995098039215687 0.04534313725490196 0.05228758169934641
0 0.5811887254901961 0.7900326797385621 0.02389705882352941 0.0718954248366013
0 0.6473651960784313 0.8827614379084967 0.08884803921568628 0.035130718954248366
0 0.8287377450980392 0.9105392156862745 0.028799019607843136 0.061274509803921566
0 0.850796568627451 0.9178921568627451 0.025122549019607844 0.07598039215686274
0 0.9402573529411765 0.4497549019607843 0.06924019607843138 0.07598039215686274
0 0.9197303921568627 0.38929738562091504 0.0392156862745098 0.07107843137254902
0 0.7359068627450981 0.6911764705882353 0.025735294117647058 0.05392156862745098
0 0.7359068627450981 0.26143790849673204 0.06862745098039216 0.06372549019607843
0 0.22794117647058823 0.9166666666666666 0.03431372549019608 0.058823529411764705
0 0.49816176470588236 0.7941176470588235 0.04779411764705882 0.04411764705882353
0 0.7169117647058824 0.8929738562091504 0.023284313725490197 0.042483660130718956
0 0.7466299019607843 0.9146241830065359 0.03615196078431373 0.028594771241830064
0 0.5772058823529411 0.3762254901960784 0.049019607843137254 0.03022875816993464
0 0.9117647058823529 0.09803921568627451 0.012254901960784314 0.016339869281045753
0 0.9390318627450981 0.1156045751633987 0.0545343137254902 0.035130718954248366
0 0.01685049019607843 0.5866013071895425 0.03370098039215686 0.04738562091503268