0 0.43045343137254904 0.2724673202614379 0.08026960784313726 0.03839869281045752
0 0.5128676470588235 0.3500816993464052 0.04411764705882353 0.031862745098039214
0 0.5860906862745098 0.43504901960784315 0.0545343137254902 0.04656862745098039
0 0.6041666666666666 0.34681372549019607 0.0428921568627451 0.08251633986928104
0 0.5499387254901961 0.03553921568627451 0.027573529411764705 0.06454248366013073
0 0.7775735294117647 0.41013071895424835 0.03553921568627451 0.05718954248366013
0 0.5140931372549019 0.6274509803921569 0.07720588235294118 0.04084967320261438
0 0.5735294117647058 0.7320261437908496 0.03676470588235294 0.09477124183006536
0 0.31924019607843135 0.6813725490196079 0.02696078431372549 0.05065359477124183
0 0.9378063725490197 0.8574346405228758 0.061887254901960786 0.0923202614379085
0 0.9635416666666666 0.7679738562091504 0.04840686274509804 0.06209150326797386
0 0.8802083333333334 0.30514705882352944 0.04840686274509804 0.06454248366013073