0 0.6905637254901961 0.9505718954248366 0.06372549019607843 0.05473856209150327
0 0.34987745098039214 0.5102124183006536 0.0392156862745098 0.06454248366013073
0 0.15134803921568626 0.4133986928104575 0.0821078431372549 0.03431372549019608
0 0.043198529411764705 0.5723039215686274 0.052083333333333336 0.04493464052287582
0 0.10294117647058823 0.8374183006535948 0.06372549019607843 0.03758169934640523
0 0.3792892156862745 0.673202614379085 0.07475490196078431 0.027777777777777776
0 0.3400735294117647 0.41830065359477125 0.012254901960784314 0.016339869281045753
0 0.3866421568627451 0.4456699346405229 0.09313725490196079 0.05473856209150327
0 0.33609068627450983 0.28513071895424835 0.05943627450980392 0.032679738562091505
0 0.6617647058823529 0.07598039215686274 0.07230392156862746 0.05228758169934641
0 0.45557598039215685 0.8541666666666666 0.06678921568627451 0.04820261437908497
0 0.4892769607843137 0.9738562091503268 0.025122549019607844 0.042483660130718956
0 0.7806372549019608 0.6842320261437909 0.031862745098039214 0.07924836601307189
0 0.46017156862745096 0.5825163398692811 0.061274509803921566 0.042483660130718956
0 0.9068627450980392 0.2965686274509804 0.0428921568627451 0.05718954248366013