0 0.1878063725490196 0.7900326797385621 0.0545343137254902 0.027777777777777776
0 0.8483455882352942 0.058823529411764705 0.027573529411764705 0.0718954248366013
0 0.7996323529411765 0.2618464052287582 0.05024509803921569 0.04003267973856209
0 0.6188725490196079 0.03799019607843137 0.0428921568627451 0.07434640522875817
0 0.23161764705882354 0.7267156862745098 0.049019607843137254 0.06944444444444445
0 0.2775735294117647 0.6584967320261438 0.05392156862745098 0.05718954248366013
0 0.5113357843137255 0.9170751633986928 0.03002450980392157 0.08741830065359477
0 0.5542279411764706 0.6025326797385621 0.03002450980392157 0.06944444444444445
0 0.36151960784313725 0.7393790849673203 0.05392156862745098 0.029411764705882353
0 0.4378063725490196 0.8688725490196079 0.02022058823529412 0.06454248366013073
0 0.23621323529411764 0.8337418300653595 0.05821078431372549 0.05473856209150327
0 0.5756740196078431 0.8312908496732027 0.0545343137254902 0.04003267973856209
0 0.6418504901960784 0.553921568627451 0.02144607843137255 0.049019607843137254
0 0.09283088235294118 0.08088235294117647 0.028799019607843136 0.04084967320261438
0 0.09926470588235294 0.21323529411764705 0.041666666666666664 0.049019607843137254
0 0.2616421568627451 0.3937908496732026 0.03308823529411765 0.06209150326797386
0 0.7769607843137255 0.028594771241830064 0.02696078431372549 0.05392156862745098
0 0.9788602941176471 0.016748366013071895 0.025122549019607844 0.03349673202614379