0 0.5860906862745098 0.4456699346405229 0.044730392156862746 0.07924836601307189
0 0.710171568627451 0.32516339869281047 0.05024509803921569 0.042483660130718956
0 0.7365196078431373 0.3974673202614379 0.031862745098039214 0.09722222222222222
0 0.8529411764705882 0.7450980392156863 0.03308823529411765 0.05228758169934641
0 0.27297794117647056 0.5698529411764706 0.037377450980392156 0.07924836601307189
0 0.05912990196078431 0.5964052287581699 0.07291666666666667 0.06699346405228758
0 0.4255514705882353 0.35866013071895425 0.03002450980392157 0.09477124183006536
0 0.5131740196078431 0.25326797385620914 0.044730392156862746 0.06209150326797386
0 0.9350490196078431 0.5441176470588235 0.049019607843137254 0.04738562091503268
0 0.10018382352941177 0.37745098039215685 0.052083333333333336 0.04738562091503268
0 0.7466299019607843 0.8913398692810458 0.042279411764705885 0.0457516339869281
0 0.9745710784313726 0.14256535947712418 0.04963235294117647 0.041666666666666664
0 0.3082107843137255 0.35661764705882354 0.03553921568627451 0.07924836601307189