0 0.3082107843137255 0.20179738562091504 0.012254901960784314 0.016339869281045753
0 0.3268995098039216 0.23284313725490197 0.037377450980392156 0.06209150326797386
0 0.36887254901960786 0.30637254901960786 0.04656862745098039 0.04411764705882353
0 0.44546568627450983 0.03308823529411765 0.03553921568627451 0.05473856209150327
0 0.5542279411764706 0.18913398692810457 0.03370098039215686 0.05473856209150327
0 0.3743872549019608 0.46691176470588236 0.03553921568627451 0.0727124183006536
0 0.2604166666666667 0.31004901960784315 0.05759803921568627 0.03676470588235294
0 0.7074142156862745 0.5277777777777778 0.04105392156862745 0.07026143790849673
0 0.7904411764705882 0.4820261437908497 0.031862745098039214 0.042483660130718956
0 0.15226715686274508 0.4383169934640523 0.02389705882352941 0.049836601307189546
0 0.5180759803921569 0.6756535947712419 0.02389705882352941 0.07679738562091504
0 0.9332107843137255 0.7679738562091504 0.029411764705882353 0.0718954248366013
0 0.5 0.4199346405228758 0.03431372549019608 0.03758169934640523
0 0.47150735294117646 0.9709967320261438 0.032475490196078434 0.056372549019607844
0 0.5667892156862745 0.8218954248366013 0.0392156862745098 0.05555555555555555