0 0.049757 0.520964 0.099514 0.054365
0 0.028222 0.641353 0.055292 0.081557
0 0.281385 0.812229 0.087299 0.132039
0 0.341767 0.052715 0.094576 0.105431
0 0.301028 0.308346 0.048014 0.145626
0 0.341767 0.406404 0.068382 0.100964
0 0.545465 0.439411 0.048014 0.124272
0 0.672045 0.439416 0.056743 0.128156
0 0.745517 0.288925 0.064021 0.110677
0 0.694597 0.147178 0.061111 0.130093
0 0.776799 0.038151 0.071292 0.076302
0 0.659677 0.786983 0.058201 0.155338
0 0.749885 0.929703 0.142590 0.099036
0 0.882288 0.775338 0.087299 0.143689
0 0.394875 0.716112 0.046556 0.087386
