0 0.21752450980392157 0.11601307189542484 0.061274509803921566 0.032679738562091505
0 0.4053308823529412 0.0886437908496732 0.03370098039215686 0.0727124183006536
0 0.5609681372549019 0.21200980392156862 0.0508578431372549 0.03022875816993464
0 0.43474264705882354 0.4207516339869281 0.044730392156862746 0.08496732026143791
0 0.41360294117647056 0.5241013071895425 0.06495098039215687 0.022058823529411766
0 0.4518995098039216 0.5163398692810458 0.026348039215686275 0.0718954248366013
0 0.19730392156862744 0.4170751633986928 0.031862745098039214 0.08251633986928104
0 0.21752450980392157 0.40236928104575165 0.024509803921568627 0.10702614379084967
0 0.35324754901960786 0.8374183006535948 0.052083333333333336 0.0392156862745098
0 0.36611519607843135 0.7116013071895425 0.02389705882352941 0.03431372549019608
0 0.40900735294117646 0.7267156862745098 0.04718137254901961 0.02696078431372549
0 0.3946078431372549 0.7561274509803921 0.03308823529411765 0.031862745098039214
0 0.3327205882352941 0.4714052287581699 0.03799019607843137 0.049019607843137254
0 0.21783088235294118 0.5024509803921569 0.052083333333333336 0.05392156862745098
0 0.2699142156862745 0.4644607843137255 0.052083333333333336 0.06944444444444445