0 0.8756127450980392 0.6727941176470589 0.0625 0.08415032679738563
0 0.8961397058823529 0.44607843137254904 0.05943627450980392 0.07516339869281045
0 0.3020833333333333 0.45874183006535946 0.03799019607843137 0.09722222222222222
0 0.3851102941176471 0.45383986928104575 0.02389705882352941 0.07107843137254902
0 0.37346813725490197 0.6584967320261438 0.02144607843137255 0.06535947712418301
0 0.1801470588235294 0.9493464052287581 0.0392156862745098 0.05718954248366013
0 0.44424019607843135 0.9468954248366013 0.04411764705882353 0.042483660130718956
0 0.7181372549019608 0.8288398692810458 0.0661764705882353 0.04493464052287582
0 0.10477941176470588 0.3729575163398693 0.03553921568627451 0.07434640522875817
0 0.5992647058823529 0.15359477124183007 0.0428921568627451 0.03431372549019608
0 0.6504289215686274 0.1781045751633987 0.061887254901960786 0.0457516339869281
0 0.6158088235294118 0.8774509803921569 0.06862745098039216 0.049019607843137254