0 0.18259803921568626 0.5625 0.04411764705882353 0.0661764705882353
0 0.19883578431372548 0.5200163398692811 0.05698529411764706 0.018790849673202614
0 0.4215686274509804 0.35580065359477125 0.02696078431372549 0.03349673202614379
0 0.5220588235294118 0.07761437908496732 0.04534313725490196 0.03431372549019608
0 0.774203431372549 0.04411764705882353 0.05698529411764706 0.06045751633986928
0 0.960171568627451 0.8872549019607843 0.0392156862745098 0.04084967320261438
0 0.8308823529411765 0.48570261437908496 0.03553921568627451 0.03676470588235294
0 0.7959558823529411 0.12581699346405228 0.04656862745098039 0.0392156862745098
0 0.9362745098039216 0.40155228758169936 0.0392156862745098 0.04003267973856209
0 0.7775735294117647 0.8786764705882353 0.04534313725490196 0.04656862745098039
0 0.7904411764705882 0.9342320261437909 0.04779411764705882 0.03022875816993464
0 0.9592524509803921 0.7434640522875817 0.061887254901960786 0.04738562091503268