0 0.7383578431372549 0.8325163398692811 0.028186274509803922 0.06699346405228758
0 0.3397671568627451 0.8946078431372549 0.044730392156862746 0.0718954248366013
0 0.4993872549019608 0.6025326797385621 0.024509803921568627 0.04493464052287582
0 0.6672794117647058 0.7005718954248366 0.028186274509803922 0.10212418300653595
0 0.34620098039215685 0.4591503267973856 0.04656862745098039 0.07679738562091504
0 0.4013480392156863 0.5702614379084967 0.012254901960784314 0.016339869281045753
0 0.4209558823529412 0.6000816993464052 0.0392156862745098 0.059640522875817
0 0.8838848039215687 0.3958333333333333 0.03002450980392157 0.07924836601307189
0 0.16544117647058823 0.2589869281045752 0.030637254901960783 0.05555555555555555
0 0.27481617647058826 0.4387254901960784 0.03370098039215686 0.06045751633986928
0 0.044730392156862746 0.5641339869281046 0.04411764705882353 0.041666666666666664