0 0.7129289215686274 0.5077614379084967 0.05575980392156863 0.02042483660130719
0 0.8008578431372549 0.5959967320261438 0.031862745098039214 0.028594771241830064
0 0.7852328431372549 0.636437908496732 0.02022058823529412 0.06535947712418301
0 0.33455882352941174 0.6180555555555556 0.03676470588235294 0.056372549019607844
0 0.20710784313725492 0.7700163398692811 0.04044117647058824 0.07598039215686274
0 0.24509803921568626 0.49142156862745096 0.0428921568627451 0.025326797385620915
0 0.6397058823529411 0.34395424836601307 0.05024509803921569 0.04411764705882353
0 0.7156862745098039 0.3472222222222222 0.025735294117647058 0.05718954248366013
0 0.7282475490196079 0.3059640522875817 0.04840686274509804 0.028594771241830064
0 0.4810049019607843 0.13766339869281047 0.0392156862745098 0.08251633986928104
0 0.24785539215686275 0.3059640522875817 0.06556372549019608 0.041666666666666664
0 0.49295343137254904 0.369281045751634 0.04840686274509804 0.03431372549019608
0 0.7889093137254902 0.28227124183006536 0.06801470588235294 0.028594771241830064
0 0.9007352941176471 0.2977941176470588 0.07965686274509803 0.031862745098039214
0 0.4019607843137255 0.6540032679738562 0.025735294117647058 0.02696078431372549
0 0.5707720588235294 0.923202614379085 0.03125 0.05228758169934641
0 0.16636029411764705 0.9783496732026143 0.061887254901960786 0.03349673202614379
0 0.7806372549019608 0.7749183006535948 0.04411764705882353 0.035130718954248366
0 0.8339460784313726 0.6911764705882353 0.03676470588235294 0.05392156862745098
0 0.9623161764705882 0.9072712418300654 0.06556372549019608 0.04656862745098039
0 0.10416666666666667 0.4681372549019608 0.041666666666666664 0.0457516339869281
0 0.7745098039215687 0.3235294117647059 0.03431372549019608 0.04738562091503268