0 0.7245710784313726 0.11887254901960784 0.06311274509803921 0.04493464052287582
0 0.9261642156862745 0.09191176470588236 0.04718137254901961 0.06290849673202614
0 0.9705882352941176 0.5927287581699346 0.05759803921568627 0.035130718954248366
0 0.7162990196078431 0.6997549019607843 0.08455882352941177 0.03676470588235294
0 0.43535539215686275 0.5600490196078431 0.05698529411764706 0.03676470588235294
0 0.13756127450980393 0.8754084967320261 0.02267156862745098 0.08741830065359477
0 0.16482843137254902 0.9174836601307189 0.02696078431372549 0.06699346405228758
0 0.36090686274509803 0.869281045751634 0.02696078431372549 0.049019607843137254
0 0.4571078431372549 0.8133169934640523 0.041666666666666664 0.028594771241830064
0 0.5625 0.875 0.03553921568627451 0.06045751633986928
0 0.34589460784313725 0.9673202614379085 0.05698529411764706 0.0392156862745098
0 0.04656862745098039 0.6205065359477124 0.04044117647058824 0.03349673202614379
0 0.9022671568627451 0.738562091503268 0.044730392156862746 0.04738562091503268
0 0.9730392156862745 0.8660130718954249 0.04656862745098039 0.06535947712418301
0 0.35692401960784315 0.6535947712418301 0.052083333333333336 0.0392156862745098