0 0.5330882352941176 0.5089869281045751 0.03553921568627451 0.08660130718954248
0 0.5563725490196079 0.6384803921568627 0.056372549019607844 0.041666666666666664
0 0.7987132352941176 0.1597222222222222 0.037377450980392156 0.059640522875817
0 0.9136029411764706 0.2193627450980392 0.07230392156862746 0.05473856209150327
0 0.9273897058823529 0.0661764705882353 0.044730392156862746 0.03758169934640523
0 0.29871323529411764 0.23161764705882354 0.04105392156862745 0.04493464052287582
0 0.3489583333333333 0.38235294117647056 0.03370098039215686 0.07679738562091504
0 0.6176470588235294 0.5604575163398693 0.049019607843137254 0.0457516339869281
0 0.8912377450980392 0.6123366013071896 0.02267156862745098 0.06781045751633986
0 0.9007352941176471 0.8345588235294118 0.03431372549019608 0.03022875816993464
0 0.48621323529411764 0.4325980392156863 0.02389705882352941 0.07924836601307189
0 0.3278186274509804 0.03799019607843137 0.0392156862745098 0.035130718954248366
0 0.7947303921568627 0.28594771241830064 0.04656862745098039 0.03594771241830065
0 0.3020833333333333 0.505718954248366 0.025735294117647058 0.06372549019607843
0 0.5018382352941176 0.5151143790849673 0.04044117647058824 0.035130718954248366
0 0.8560049019607843 0.16094771241830066 0.03553921568627451 0.03594771241830065