0 0.679443 0.354032 0.057143 0.113068
0 0.691986 0.247915 0.079443 0.071362
0 0.854704 0.057461 0.073171 0.053753
0 0.153659 0.238184 0.042509 0.103800
0 0.292334 0.752549 0.048084 0.096386
0 0.380836 0.893420 0.052265 0.129750
0 0.579094 0.676089 0.083624 0.045412
0 0.768990 0.671918 0.068990 0.072289
0 0.921254 0.687674 0.037631 0.131603
0 0.871429 0.776182 0.035540 0.115848
0 0.250523 0.941613 0.064808 0.116775
0 0.553659 0.027804 0.036934 0.053753
0 0.205923 0.290083 0.048084 0.179796
0 0.165854 0.375348 0.045993 0.059314
0 0.148084 0.840130 0.046690 0.091752
0 0.211150 0.930028 0.045993 0.139944
0 0.197909 0.889713 0.019512 0.120482
0 0.360279 0.851715 0.065505 0.063021
0 0.863415 0.839666 0.050174 0.029657
0 0.975610 0.935589 0.048780 0.045412
0 0.748432 0.890176 0.051568 0.076923
