0 0.672771 0.835528 0.043653 0.069907
0 0.378139 0.154949 0.053833 0.056311
0 0.188267 0.566599 0.081479 0.099036
0 0.273382 0.575334 0.077111 0.077674
0 0.447979 0.586015 0.100389 0.091270
0 0.379594 0.479222 0.056743 0.095144
0 0.346132 0.586015 0.094569 0.114569
0 0.653858 0.096696 0.075660 0.083494
0 0.601479 0.517085 0.046556 0.069907
0 0.848819 0.560769 0.072750 0.102910
0 0.662587 0.698638 0.064021 0.141742
0 0.730969 0.700575 0.069840 0.079611
0 0.729514 0.819027 0.034917 0.110677
0 0.729517 0.915144 0.087299 0.054365
0 0.893924 0.891840 0.101847 0.097081
0 0.804444 0.955918 0.024736 0.066015
0 0.880104 0.976019 0.097486 0.047961
0 0.106066 0.417081 0.129493 0.153401
0 0.379597 0.301548 0.059653 0.077665
0 0.599295 0.344268 0.222604 0.166997
