0 0.22028186274509803 0.7553104575163399 0.03370098039215686 0.08741830065359477
0 0.23835784313725492 0.5649509803921569 0.0392156862745098 0.06944444444444445
0 0.15533088235294118 0.27655228758169936 0.026348039215686275 0.10375816993464053
0 0.03400735294117647 0.11356209150326797 0.044730392156862746 0.09640522875816994
0 0.9592524509803921 0.8214869281045751 0.03002450980392157 0.06454248366013073
0 0.7457107843137255 0.5441176470588235 0.028186274509803922 0.06699346405228758
0 0.6599264705882353 0.3897058823529412 0.04656862745098039 0.06699346405228758
0 0.5925245098039216 0.6834150326797386 0.028186274509803922 0.08741830065359477
0 0.6060049019607843 0.42810457516339867 0.03676470588235294 0.04411764705882353
0 0.5450367647058824 0.7071078431372549 0.05575980392156863 0.025326797385620915
0 0.8137254901960784 0.7434640522875817 0.029411764705882353 0.06045751633986928