0 0.8489583333333334 0.2630718954248366 0.03370098039215686 0.07679738562091504
0 0.8483455882352942 0.6879084967320261 0.02389705882352941 0.05718954248366013
0 0.41544117647058826 0.954248366013072 0.05759803921568627 0.05228758169934641
0 0.13725490196078433 0.5040849673202614 0.0392156862745098 0.027777777777777776
0 0.26409313725490197 0.20955882352941177 0.03553921568627451 0.08415032679738563
0 0.15287990196078433 0.7124183006535948 0.025122549019607844 0.06535947712418301
0 0.1712622549019608 0.7242647058823529 0.026348039215686275 0.07598039215686274
0 0.026348039215686275 0.031862745098039214 0.05269607843137255 0.05392156862745098
0 0.08057598039215687 0.9285130718954249 0.027573529411764705 0.08251633986928104
0 0.12009803921568628 0.2875816993464052 0.04779411764705882 0.049019607843137254
0 0.8008578431372549 0.6037581699346405 0.0392156862745098 0.07026143790849673
0 0.3639705882352941 0.0988562091503268 0.04779411764705882 0.058823529411764705
0 0.8296568627450981 0.7900326797385621 0.03553921568627451 0.09640522875816994