0 0.0664828431372549 0.7218137254901961 0.08026960784313726 0.04003267973856209
0 0.3743872549019608 0.38480392156862747 0.05024509803921569 0.03758169934640523
0 0.7996323529411765 0.2875816993464052 0.03553921568627451 0.07679738562091504
0 0.8566176470588235 0.6482843137254902 0.029411764705882353 0.0923202614379085
0 0.7055759803921569 0.24509803921568626 0.037377450980392156 0.05718954248366013
0 0.15992647058823528 0.9616013071895425 0.028186274509803922 0.05718954248366013
0 0.5891544117647058 0.6188725490196079 0.05330882352941176 0.04330065359477124
0 0.41605392156862747 0.31781045751633985 0.030637254901960783 0.042483660130718956
0 0.5214460784313726 0.9803921568627451 0.029411764705882353 0.03758169934640523
0 0.36611519607843135 0.7426470588235294 0.06433823529411764 0.09967320261437909
0 0.7840073529411765 0.4660947712418301 0.02267156862745098 0.06944444444444445
0 0.6075367647058824 0.3137254901960784 0.06678921568627451 0.03104575163398693
0 0.7910539215686274 0.5996732026143791 0.03676470588235294 0.0392156862745098