0 0.5664828431372549 0.7937091503267973 0.05821078431372549 0.05473856209150327
0 0.9479166666666666 0.752859477124183 0.0857843137254902 0.04656862745098039
0 0.42830882352941174 0.6821895424836601 0.0392156862745098 0.12418300653594772
0 0.5358455882352942 0.5763888888888888 0.037377450980392156 0.07761437908496732
0 0.7981004901960784 0.11723856209150327 0.07659313725490197 0.035130718954248366
0 0.8501838235294118 0.22181372549019607 0.07291666666666667 0.08415032679738563
0 0.47794117647058826 0.46078431372549017 0.05269607843137255 0.08496732026143791
0 0.4267769607843137 0.8733660130718954 0.05943627450980392 0.04738562091503268
0 0.38235294117647056 0.9583333333333334 0.04656862745098039 0.08169934640522876
0 0.9699754901960784 0.8786764705882353 0.058823529411764705 0.05800653594771242
0 0.7732843137254902 0.9048202614379085 0.0392156862745098 0.03839869281045752
0 0.5082720588235294 0.5473856209150327 0.025122549019607844 0.10294117647058823
0 0.296875 0.7393790849673203 0.027573529411764705 0.06862745098039216
0 0.9825367647058824 0.8051470588235294 0.03002450980392157 0.025326797385620915