0 0.053002 0.347631 0.044730 0.053105
0 0.351409 0.223448 0.034926 0.031863
0 0.279412 0.435049 0.066176 0.061275
0 0.699142 0.188317 0.050245 0.041667
0 0.604473 0.420752 0.022672 0.071895
0 0.833333 0.106209 0.068627 0.045752
0 0.854473 0.411765 0.036152 0.086601
0 0.750000 0.727124 0.033088 0.081699
0 0.867647 0.725490 0.035539 0.081699
0 0.666360 0.914624 0.081495 0.089052
0 0.389400 0.943627 0.022672 0.065359
0 0.573836 0.835784 0.022672 0.045752
0 0.959559 0.790850 0.033088 0.066993
0 0.698223 0.510212 0.037377 0.044935
0 0.978248 0.198529 0.042279 0.047386
0 0.420956 0.357435 0.041667 0.087418
0 0.693627 0.577206 0.036765 0.079248
0 0.461091 0.270425 0.061887 0.027778
