0 0.2861519607843137 0.44362745098039214 0.03431372549019608 0.04084967320261438
0 0.10784313725490197 0.8476307189542484 0.04411764705882353 0.025326797385620915
0 0.25214460784313725 0.7851307189542484 0.03615196078431373 0.0392156862745098
0 0.03216911764705882 0.9730392156862745 0.02144607843137255 0.04411764705882353
0 0.8826593137254902 0.4158496732026144 0.032475490196078434 0.0457516339869281
0 0.9564950980392157 0.2749183006535948 0.03676470588235294 0.04330065359477124
0 0.9675245098039216 0.5747549019607843 0.0428921568627451 0.03022875816993464
0 0.5177696078431373 0.9783496732026143 0.041666666666666664 0.03022875816993464
0 0.9491421568627451 0.9485294117647058 0.029411764705882353 0.049019607843137254
0 0.33762254901960786 0.44689542483660133 0.05024509803921569 0.05065359477124183
0 0.38419117647058826 0.3937908496732026 0.012254901960784314 0.032679738562091505
0 0.5750612745098039 0.4097222222222222 0.025122549019607844 0.03349673202614379
0 0.10324754901960784 0.372140522875817 0.02022058823529412 0.031862745098039214
0 0.2931985294117647 0.9803921568627451 0.025122549019607844 0.03758169934640523
0 0.4255514705882353 0.21405228758169934 0.026348039215686275 0.04084967320261438