0 0.6050857843137255 0.31699346405228757 0.06433823529411764 0.05065359477124183
0 0.4007352941176471 0.07393790849673203 0.07352941176470588 0.03022875816993464
0 0.11366421568627451 0.06045751633986928 0.07291666666666667 0.05718954248366013
0 0.9093137254901961 0.015931372549019607 0.04534313725490196 0.031862745098039214
0 0.8213848039215687 0.2426470588235294 0.061887254901960786 0.04084967320261438
0 0.6436887254901961 0.6527777777777778 0.04840686274509804 0.03758169934640523
0 0.40318627450980393 0.4309640522875817 0.04044117647058824 0.041666666666666664
0 0.02267156862745098 0.7450980392156863 0.0428921568627451 0.05065359477124183
0 0.7993259803921569 0.8929738562091504 0.06311274509803921 0.06209150326797386
0 0.6792279411764706 0.9624183006535948 0.05575980392156863 0.05555555555555555
0 0.7034313725490197 0.5228758169934641 0.03676470588235294 0.03431372549019608
0 0.8465073529411765 0.8043300653594772 0.03370098039215686 0.03022875816993464