0 0.4417892156862745 0.247140522875817 0.02696078431372549 0.06944444444444445
0 0.14338235294117646 0.43586601307189543 0.029411764705882353 0.0661764705882353
0 0.7068014705882353 0.7565359477124183 0.034926470588235295 0.05228758169934641
0 0.6443014705882353 0.4848856209150327 0.02389705882352941 0.056372549019607844
0 0.5928308823529411 0.1323529411764706 0.027573529411764705 0.06209150326797386
0 0.6182598039215687 0.14910130718954248 0.030637254901960783 0.0661764705882353
0 0.5076593137254902 0.4444444444444444 0.028799019607843136 0.058823529411764705
0 0.35631127450980393 0.4758986928104575 0.06066176470588235 0.03022875816993464
0 0.33118872549019607 0.5437091503267973 0.05821078431372549 0.041666666666666664
0 0.33639705882352944 0.8035130718954249 0.03308823529411765 0.04820261437908497
0 0.4013480392156863 0.5461601307189542 0.031862745098039214 0.07107843137254902
0 0.24080882352941177 0.26715686274509803 0.031862745098039214 0.09640522875816994
0 0.7643995098039216 0.5776143790849673 0.028799019607843136 0.08660130718954248
0 0.9194240196078431 0.2581699346405229 0.027573529411764705 0.06699346405228758
0 0.6838235294117647 0.15522875816993464 0.03553921568627451 0.08496732026143791
0 0.5189950980392157 0.6131535947712419 0.06495098039215687 0.0661764705882353
0 0.6795343137254902 0.3627450980392157 0.02696078431372549 0.04738562091503268
0 0.6587009803921569 0.4207516339869281 0.028186274509803922 0.06535947712418301