0 0.321327 0.113197 0.090271 0.120389
0 0.061657 0.438443 0.123315 0.153401
0 0.600149 0.366599 0.077172 0.176701
0 0.778506 0.326793 0.069882 0.112623
0 0.709347 0.550093 0.056789 0.104856
0 0.560837 0.619022 0.039312 0.075728
0 0.613256 0.797669 0.062606 0.083494
0 0.853489 0.937475 0.027658 0.067961
0 0.805441 0.949120 0.056789 0.064078
0 0.577582 0.889898 0.046588 0.066024
0 0.476390 0.779217 0.050959 0.058248
0 0.432714 0.431645 0.100466 0.066015
0 0.521525 0.343295 0.039312 0.137859
0 0.527349 0.968248 0.039312 0.063503
