0 0.128347 0.143137 0.064264 0.079286
0 0.295066 0.147989 0.063049 0.173142
0 0.274451 0.021001 0.046069 0.042002
0 0.553924 0.147178 0.052139 0.084143
0 0.521191 0.381812 0.047285 0.067961
0 0.091368 0.474041 0.072750 0.055014
0 0.030747 0.375338 0.058201 0.080908
0 0.022646 0.715144 0.045292 0.097090
0 0.159872 0.879379 0.035160 0.066339
0 0.214434 0.398800 0.090937 0.046923
0 0.322344 0.360774 0.088507 0.093855
0 0.730944 0.166599 0.093361 0.087377
0 0.744281 0.258832 0.059410 0.038832
0 0.860681 0.314657 0.059417 0.082530
0 0.761865 0.410936 0.060618 0.071196
0 0.880684 0.480514 0.058201 0.058248
0 0.521188 0.616437 0.056986 0.084143
0 0.434497 0.648800 0.092146 0.067961
