0 0.9322916666666666 0.1409313725490196 0.027573529411764705 0.04656862745098039
0 0.9727328431372549 0.2181372549019608 0.05330882352941176 0.042483660130718956
0 0.14981617647058823 0.39705882352941174 0.03370098039215686 0.08660130718954248
0 0.8584558823529411 0.801062091503268 0.029411764705882353 0.059640522875817
0 0.6709558823529411 0.9468954248366013 0.0392156862745098 0.042483660130718956
0 0.7028186274509803 0.934640522875817 0.024509803921568627 0.02287581699346405
0 0.3471200980392157 0.9681372549019608 0.03002450980392157 0.04411764705882353
0 0.3388480392156863 0.8799019607843137 0.031862745098039214 0.0718954248366013
0 0.1253063725490196 0.7083333333333334 0.03370098039215686 0.04738562091503268
0 0.5526960784313726 0.3737745098039216 0.022058823529411766 0.049836601307189546
0 0.43014705882352944 0.3276143790849673 0.03553921568627451 0.04738562091503268
0 0.6764705882352942 0.2589869281045752 0.04534313725490196 0.0392156862745098
0 0.7098651960784313 0.40032679738562094 0.026348039215686275 0.06209150326797386
0 0.7628676470588235 0.9240196078431373 0.03431372549019608 0.10457516339869281
0 0.7904411764705882 0.8075980392156863 0.04044117647058824 0.08415032679738563
0 0.28982843137254904 0.15441176470588236 0.03676470588235294 0.06535947712418301
0 0.6308210784313726 0.19158496732026145 0.025122549019607844 0.0857843137254902
0 0.9806985294117647 0.6956699346405228 0.026348039215686275 0.09558823529411764
0 0.19761029411764705 0.05923202614379085 0.028799019607843136 0.07434640522875817