0 0.29411764705882354 0.8325163398692811 0.061274509803921566 0.042483660130718956
0 0.5637254901960784 0.5837418300653595 0.029411764705882353 0.08251633986928104
0 0.4647671568627451 0.5138888888888888 0.02267156862745098 0.05718954248366013
0 0.5021446078431373 0.4334150326797386 0.026348039215686275 0.059640522875817
0 0.22977941176470587 0.14460784313725492 0.025735294117647058 0.10457516339869281
0 0.7616421568627451 0.041666666666666664 0.06372549019607843 0.05718954248366013
0 0.4739583333333333 0.9309640522875817 0.03002450980392157 0.08415032679738563
0 0.026348039215686275 0.9526143790849673 0.03553921568627451 0.06372549019607843
0 0.3912377450980392 0.6037581699346405 0.03615196078431373 0.09803921568627451
0 0.27175245098039214 0.45588235294117646 0.025122549019607844 0.049019607843137254
0 0.26715686274509803 0.2630718954248366 0.031862745098039214 0.06372549019607843
0 0.20863970588235295 0.07393790849673203 0.025122549019607844 0.08415032679738563