0 0.035845588235294115 0.3202614379084967 0.026348039215686275 0.06209150326797386
0 0.07199754901960784 0.3300653594771242 0.06924019607843138 0.04738562091503268
0 0.3428308823529412 0.633578431372549 0.08762254901960784 0.031862745098039214
0 0.25674019607843135 0.5363562091503268 0.05759803921568627 0.08251633986928104
0 0.41544117647058826 0.48570261437908496 0.061274509803921566 0.035130718954248366
0 0.7447916666666666 0.5277777777777778 0.04105392156862745 0.09477124183006536
0 0.9378063725490197 0.8361928104575164 0.07659313725490197 0.04003267973856209
0 0.12162990196078431 0.5102124183006536 0.018995098039215685 0.08905228758169935
0 0.15471813725490197 0.5187908496732027 0.05943627450980392 0.058823529411764705
0 0.835171568627451 0.6270424836601307 0.024509803921568627 0.07761437908496732
0 0.8149509803921569 0.5784313725490197 0.041666666666666664 0.03758169934640523
0 0.9577205882352942 0.5273692810457516 0.03676470588235294 0.07924836601307189
0 0.8584558823529411 0.5841503267973857 0.030637254901960783 0.05555555555555555
0 0.8759191176470589 0.579248366013072 0.02144607843137255 0.058823529411764705