0 0.390625 0.6719771241830066 0.0508578431372549 0.035130718954248366
0 0.5049019607843137 0.7218137254901961 0.04411764705882353 0.03349673202614379
0 0.5067401960784313 0.7532679738562091 0.0428921568627451 0.05228758169934641
0 0.48590686274509803 0.5759803921568627 0.03431372549019608 0.06862745098039216
0 0.8409926470588235 0.5461601307189542 0.03002450980392157 0.07107843137254902
0 0.9779411764705882 0.49019607843137253 0.0392156862745098 0.058823529411764705
0 0.7083333333333334 0.36764705882352944 0.04044117647058824 0.04411764705882353
0 0.03002450980392157 0.45016339869281047 0.03308823529411765 0.06372549019607843
0 0.616421568627451 0.20669934640522875 0.0392156862745098 0.06209150326797386
0 0.2931985294117647 0.10825163398692811 0.05330882352941176 0.07434640522875817
0 0.8201593137254902 0.36356209150326796 0.061887254901960786 0.05555555555555555