0 0.521752 0.786356 0.061887 0.049837
0 0.610600 0.850899 0.037377 0.054739
0 0.705576 0.799428 0.018995 0.066176
0 0.617034 0.310049 0.035539 0.072712
0 0.737132 0.302288 0.067402 0.035948
0 0.789522 0.209559 0.022672 0.074346
0 0.874387 0.285131 0.046569 0.057190
0 0.019608 0.886846 0.035539 0.033497
0 0.573223 0.029003 0.037377 0.046569
0 0.580270 0.494281 0.040441 0.104575
0 0.545650 0.111928 0.080270 0.062092
0 0.890931 0.204248 0.029412 0.066993
0 0.866115 0.824346 0.053309 0.029412
0 0.173713 0.949755 0.036152 0.097222
0 0.978860 0.234477 0.037377 0.057190
0 0.433517 0.164216 0.025123 0.052288
0 0.815870 0.844771 0.041054 0.089869
0 0.684130 0.820261 0.032475 0.035948
0 0.378676 0.113154 0.039216 0.031863
