0 0.023284313725490197 0.2945261437908497 0.02696078431372549 0.028594771241830064
0 0.04963235294117647 0.32230392156862747 0.03431372549019608 0.03022875816993464
0 0.0392156862745098 0.6866830065359477 0.03553921568627451 0.12826797385620914
0 0.23866421568627452 0.6870915032679739 0.025122549019607844 0.11274509803921569
0 0.24142156862745098 0.5575980392156863 0.05514705882352941 0.035130718954248366
0 0.47610294117647056 0.5339052287581699 0.04656862745098039 0.041666666666666664
0 0.5677083333333334 0.6380718954248366 0.04840686274509804 0.058823529411764705
0 0.6948529411764706 0.6474673202614379 0.03431372549019608 0.03349673202614379
0 0.6933210784313726 0.6797385620915033 0.06433823529411764 0.05065359477124183
0 0.6859681372549019 0.809640522875817 0.05943627450980392 0.05065359477124183
0 0.9292279411764706 0.5870098039215687 0.06066176470588235 0.03022875816993464
0 0.8060661764705882 0.7160947712418301 0.04718137254901961 0.035130718954248366
0 0.5343137254901961 0.22263071895424835 0.031862745098039214 0.02696078431372549
0 0.8370098039215687 0.1380718954248366 0.03308823529411765 0.04411764705882353
0 0.9414828431372549 0.09436274509803921 0.02389705882352941 0.06781045751633986
0 0.5355392156862745 0.7683823529411765 0.03676470588235294 0.06944444444444445
0 0.12867647058823528 0.43709150326797386 0.04534313725490196 0.05065359477124183
0 0.16299019607843138 0.44362745098039214 0.028186274509803922 0.04738562091503268
0 0.14644607843137256 0.49673202614379086 0.03308823529411765 0.05555555555555555