0 0.5655637254901961 0.7520424836601307 0.05269607843137255 0.05473856209150327
0 0.8694852941176471 0.7679738562091504 0.07475490196078431 0.03758169934640523
0 0.6599264705882353 0.7009803921568627 0.031862745098039214 0.06209150326797386
0 0.5860906862745098 0.23815359477124182 0.044730392156862746 0.08251633986928104
0 0.6896446078431373 0.3909313725490196 0.034926470588235295 0.03022875816993464
0 0.3697916666666667 0.5502450980392157 0.03002450980392157 0.07434640522875817
0 0.3431372549019608 0.8676470588235294 0.03676470588235294 0.06209150326797386
0 0.04718137254901961 0.6086601307189542 0.0392156862745098 0.04411764705882353
0 0.1724877450980392 0.2679738562091503 0.04963235294117647 0.04411764705882353
0 0.6534926470588235 0.7916666666666666 0.05821078431372549 0.049019607843137254
0 0.7518382352941176 0.5473856209150327 0.03431372549019608 0.06862745098039216
0 0.7018995098039216 0.3611111111111111 0.025122549019607844 0.04411764705882353
0 0.38327205882352944 0.7283496732026143 0.02022058823529412 0.08741830065359477
0 0.19148284313725492 0.17973856209150327 0.05943627450980392 0.0392156862745098