0 0.328125 0.7140522875816994 0.03125 0.06209150326797386
0 0.2420343137254902 0.7193627450980392 0.03431372549019608 0.07924836601307189
0 0.04013480392156863 0.6409313725490197 0.027573529411764705 0.07434640522875817
0 0.08946078431372549 0.46568627450980393 0.03308823529411765 0.04411764705882353
0 0.13020833333333334 0.1409313725490196 0.025122549019607844 0.06290849673202614
0 0.1559436274509804 0.13602941176470587 0.052083333333333336 0.06944444444444445
0 0.5903799019607843 0.4375 0.06556372549019608 0.035130718954248366
0 0.6798406862745098 0.6870915032679739 0.061887254901960786 0.0392156862745098
0 0.8363970588235294 0.7083333333333334 0.05392156862745098 0.06699346405228758
0 0.8189338235294118 0.9276960784313726 0.0545343137254902 0.08415032679738563
0 0.3158700980392157 0.9264705882352942 0.025122549019607844 0.06535947712418301
0 0.5438112745098039 0.41544117647058826 0.05330882352941176 0.025326797385620915