0 0.6302083333333334 0.5428921568627451 0.03370098039215686 0.04003267973856209
0 0.6617647058823529 0.5706699346405228 0.029411764705882353 0.0661764705882353
0 0.7156862745098039 0.4215686274509804 0.023284313725490197 0.05392156862745098
0 0.6314338235294118 0.6924019607843137 0.04963235294117647 0.03839869281045752
0 0.9356617647058824 0.6915849673202614 0.04534313725490196 0.04003267973856209
0 0.7757352941176471 0.7908496732026143 0.03676470588235294 0.06699346405228758
0 0.8066789215686274 0.9080882352941176 0.032475490196078434 0.04820261437908497
0 0.5790441176470589 0.9632352941176471 0.05269607843137255 0.05065359477124183
0 0.47028186274509803 0.8480392156862745 0.04350490196078431 0.05392156862745098
0 0.4096200980392157 0.7165032679738562 0.025122549019607844 0.05718954248366013
0 0.3425245098039216 0.6924019607843137 0.028186274509803922 0.06944444444444445
0 0.25153186274509803 0.8464052287581699 0.04350490196078431 0.05718954248366013
0 0.6087622549019608 0.4375 0.05698529411764706 0.041666666666666664