0 0.039011 0.397726 0.073872 0.102912
0 0.176624 0.329767 0.088362 0.060186
0 0.225149 0.272488 0.107189 0.066019
0 0.680725 0.064400 0.053595 0.128800
0 0.777054 0.224916 0.057939 0.075730
0 0.699552 0.423944 0.131818 0.073786
0 0.704625 0.634619 0.144851 0.161163
0 0.952262 0.584140 0.095475 0.095144
0 0.495309 0.826856 0.085468 0.106791
0 0.044806 0.797726 0.076773 0.102912
0 0.423605 0.978963 0.092706 0.042074
0 0.272231 0.958572 0.056495 0.082856
0 0.585118 0.517144 0.056495 0.042716
0 0.509795 0.201614 0.044906 0.087377
