0 0.2977941176470588 0.6262254901960784 0.04656862745098039 0.025326797385620915
0 0.3645833333333333 0.6029411764705882 0.08700980392156862 0.042483660130718956
0 0.45496323529411764 0.625 0.027573529411764705 0.0457516339869281
0 0.7506127450980392 0.9003267973856209 0.041666666666666664 0.04738562091503268
0 0.5949754901960784 0.9428104575163399 0.03676470588235294 0.07026143790849673
0 0.14399509803921567 0.815359477124183 0.0428921568627451 0.0457516339869281
0 0.1801470588235294 0.9097222222222222 0.031862745098039214 0.0727124183006536
0 0.2665441176470588 0.926062091503268 0.0428921568627451 0.03676470588235294
0 0.23897058823529413 0.28513071895424835 0.028186274509803922 0.07026143790849673
0 0.3268995098039216 0.32189542483660133 0.04963235294117647 0.05065359477124183
0 0.10477941176470588 0.16258169934640523 0.03308823529411765 0.06535947712418301
0 0.15104166666666666 0.2622549019607843 0.04718137254901961 0.0718954248366013
0 0.6075367647058824 0.3868464052287582 0.028799019607843136 0.0857843137254902
0 0.8112745098039216 0.36764705882352944 0.041666666666666664 0.07026143790849673
0 0.9356617647058824 0.2107843137254902 0.025735294117647058 0.06045751633986928
0 0.02144607843137255 0.07924836601307189 0.03553921568627451 0.04084967320261438
0 0.029411764705882353 0.2369281045751634 0.04656862745098039 0.049019607843137254