0 0.313113 0.554739 0.039216 0.066993
0 0.316483 0.463235 0.047181 0.058824
0 0.324142 0.379085 0.029412 0.047386
0 0.287684 0.259395 0.027574 0.030229
0 0.341299 0.246324 0.066176 0.030229
0 0.455270 0.369281 0.030637 0.034314
0 0.494485 0.390931 0.042892 0.030229
0 0.631434 0.279820 0.026348 0.090686
0 0.660539 0.618056 0.046569 0.038399
0 0.682292 0.829657 0.021446 0.030229
0 0.928002 0.850490 0.027574 0.039216
0 0.780025 0.966503 0.052696 0.063725
0 0.405025 0.665033 0.044118 0.071895
0 0.033395 0.371732 0.047181 0.049020
0 0.145221 0.549837 0.033088 0.040850
0 0.435049 0.609886 0.030637 0.072712
0 0.428002 0.681373 0.033701 0.053922
0 0.435662 0.798203 0.049020 0.049020
0 0.967831 0.971814 0.028799 0.054739
0 0.015319 0.877042 0.029412 0.030229
0 0.352328 0.840686 0.033088 0.070261
0 0.380208 0.921569 0.039828 0.075163
0 0.670956 0.566585 0.046569 0.089052
