0 0.3538602941176471 0.6049836601307189 0.027573529411764705 0.07924836601307189
0 0.4675245098039216 0.6258169934640523 0.024509803921568627 0.05718954248366013
0 0.6467524509803921 0.2667483660130719 0.04718137254901961 0.059640522875817
0 0.9469975490196079 0.2630718954248366 0.08394607843137254 0.05228758169934641
0 0.5049019607843137 0.6609477124183006 0.04656862745098039 0.03758169934640523
0 0.8305759803921569 0.8337418300653595 0.037377450980392156 0.05473856209150327
0 0.8100490196078431 0.9395424836601307 0.056372549019607844 0.05718954248366013
0 0.24846813725490197 0.815359477124183 0.044730392156862746 0.03758169934640523
0 0.36519607843137253 0.7986111111111112 0.03553921568627451 0.09558823529411764
0 0.4114583333333333 0.8218954248366013 0.04718137254901961 0.049019607843137254
0 0.25980392156862747 0.7046568627450981 0.06740196078431372 0.03349673202614379
0 0.2420343137254902 0.6666666666666666 0.06985294117647059 0.05228758169934641
0 0.6409313725490197 0.4309640522875817 0.04534313725490196 0.022058823529411766
0 0.6436887254901961 0.44812091503267976 0.05330882352941176 0.025326797385620915
0 0.8036151960784313 0.37949346405228757 0.03370098039215686 0.04656862745098039
0 0.7984068627450981 0.44281045751633985 0.049019607843137254 0.0457516339869281
0 0.9764093137254902 0.6887254901960784 0.04595588235294118 0.058823529411764705
0 0.3550857843137255 0.22263071895424835 0.03002450980392157 0.05800653594771242
0 0.7092524509803921 0.8390522875816994 0.05330882352941176 0.0718954248366013
0 0.5765931372549019 0.8733660130718954 0.03553921568627451 0.09477124183006536
0 0.5229779411764706 0.07148692810457516 0.05943627450980392 0.035130718954248366
0 0.7711397058823529 0.09436274509803921 0.027573529411764705 0.03022875816993464