0 0.6436887254901961 0.4325980392156863 0.027573529411764705 0.07598039215686274
0 0.4721200980392157 0.025326797385620915 0.02389705882352941 0.04738562091503268
0 0.27297794117647056 0.0718954248366013 0.032475490196078434 0.09313725490196079
0 0.21875 0.20833333333333334 0.0784313725490196 0.0392156862745098
0 0.13633578431372548 0.5073529411764706 0.027573529411764705 0.05718954248366013
0 0.48253676470588236 0.6576797385620915 0.02144607843137255 0.06372549019607843
0 0.6917892156862745 0.7630718954248366 0.03308823529411765 0.06535947712418301
0 0.7153799019607843 0.940359477124183 0.02022058823529412 0.05228758169934641
0 0.6997549019607843 0.6123366013071896 0.06985294117647059 0.04003267973856209
0 0.2420343137254902 0.9293300653594772 0.04411764705882353 0.07761437908496732
0 0.28952205882352944 0.9256535947712419 0.02267156862745098 0.05392156862745098
0 0.19454656862745098 0.7830882352941176 0.04350490196078431 0.07598039215686274
0 0.04534313725490196 0.7700163398692811 0.04044117647058824 0.0661764705882353
0 0.17064950980392157 0.4477124183006536 0.06066176470588235 0.0457516339869281
0 0.20894607843137256 0.40155228758169936 0.0392156862745098 0.09068627450980392
0 0.27420343137254904 0.2536764705882353 0.027573529411764705 0.0727124183006536
0 0.7288602941176471 0.42401960784313725 0.04963235294117647 0.042483660130718956
0 0.5260416666666666 0.06413398692810457 0.032475490196078434 0.03349673202614379
0 0.6669730392156863 0.6458333333333334 0.052083333333333336 0.03349673202614379