0 0.6893382352941176 0.4881535947712418 0.03553921568627451 0.06944444444444445
0 0.8376225490196079 0.48651960784313725 0.03676470588235294 0.031862745098039214
0 0.3550857843137255 0.24591503267973855 0.027573529411764705 0.05392156862745098
0 0.29963235294117646 0.352124183006536 0.05269607843137255 0.05065359477124183
0 0.32567401960784315 0.4117647058823529 0.026348039215686275 0.05065359477124183
0 0.3318014705882353 0.7054738562091504 0.02389705882352941 0.08251633986928104
0 0.9028799019607843 0.8088235294117647 0.04350490196078431 0.09640522875816994
0 0.3792892156862745 0.9722222222222222 0.03308823529411765 0.05228758169934641
0 0.14920343137254902 0.33986928104575165 0.02267156862745098 0.05228758169934641
0 0.15471813725490197 0.37459150326797386 0.04718137254901961 0.03676470588235294
0 0.24325980392156862 0.8431372549019608 0.04411764705882353 0.04411764705882353
0 0.7441789215686274 0.35498366013071897 0.044730392156862746 0.04493464052287582
0 0.5707720588235294 0.9097222222222222 0.04718137254901961 0.0661764705882353
0 0.9136029411764706 0.32393790849673204 0.07230392156862746 0.03022875816993464
0 0.59375 0.31781045751633985 0.0392156862745098 0.06209150326797386
0 0.6446078431372549 0.5902777777777778 0.0428921568627451 0.03676470588235294
0 0.7270220588235294 0.9611928104575164 0.025122549019607844 0.07107843137254902
0 0.4528186274509804 0.38439542483660133 0.04044117647058824 0.04003267973856209
0 0.7484681372549019 0.6678921568627451 0.03002450980392157 0.061274509803921566