0 0.559436 0.395425 0.039216 0.068627
0 0.517157 0.477941 0.035539 0.058824
0 0.586397 0.619690 0.034314 0.069444
0 0.200980 0.611111 0.042892 0.052288
0 0.175858 0.327206 0.042892 0.064542
0 0.250919 0.091095 0.047181 0.033497
0 0.341912 0.174020 0.026961 0.076797
0 0.402267 0.351716 0.020221 0.069444
0 0.368873 0.377859 0.042892 0.026961
0 0.923100 0.104575 0.020221 0.081699
0 0.838848 0.137255 0.046569 0.042484
0 0.961703 0.340686 0.026348 0.053922
0 0.849877 0.497958 0.040441 0.079248
0 0.858150 0.621324 0.050858 0.031863
0 0.646446 0.434232 0.058824 0.038399
0 0.540748 0.537173 0.027574 0.062908
0 0.306679 0.918709 0.026348 0.080882
0 0.370404 0.917075 0.043505 0.077614
0 0.156863 0.105392 0.075980 0.029412
0 0.540748 0.114379 0.059436 0.047386
0 0.542586 0.081699 0.053309 0.042484
0 0.447610 0.118464 0.032475 0.045752
0 0.784007 0.241013 0.034926 0.053922
0 0.220895 0.843546 0.025123 0.053105
0 0.779718 0.303922 0.048407 0.053922
0 0.399203 0.303513 0.053309 0.085784
0 0.399816 0.142565 0.052083 0.046569
