0 0.734375 0.3668300653594771 0.03125 0.04738562091503268
0 0.7325367647058824 0.2426470588235294 0.032475490196078434 0.05228758169934641
0 0.7261029411764706 0.1343954248366013 0.03553921568627451 0.035130718954248366
0 0.5291053921568627 0.6139705882352942 0.044730392156862746 0.03839869281045752
0 0.20435049019607843 0.889297385620915 0.02022058823529412 0.0661764705882353
0 0.14522058823529413 0.20016339869281047 0.0428921568627451 0.05228758169934641
0 0.40012254901960786 0.5008169934640523 0.049019607843137254 0.03758169934640523
0 0.5392156862745098 0.16380718954248366 0.024509803921568627 0.07434640522875817
0 0.7043504901960784 0.04044117647058824 0.032475490196078434 0.07107843137254902
0 0.37346813725490197 0.03553921568627451 0.0545343137254902 0.04330065359477124
0 0.3434436274509804 0.36437908496732024 0.05698529411764706 0.04084967320261438
0 0.26348039215686275 0.6409313725490197 0.06495098039215687 0.03349673202614379
0 0.1712622549019608 0.8415032679738562 0.028799019607843136 0.04411764705882353
0 0.4564950980392157 0.7013888888888888 0.03308823529411765 0.06781045751633986
0 0.5563725490196079 0.9248366013071896 0.05269607843137255 0.049019607843137254
0 0.9463848039215687 0.14419934640522875 0.061887254901960786 0.025326797385620915
0 0.20925245098039216 0.48080065359477125 0.05698529411764706 0.03349673202614379
0 0.23314950980392157 0.4207516339869281 0.05698529411764706 0.058823529411764705
0 0.05606617647058824 0.054330065359477125 0.05943627450980392 0.03022875816993464
0 0.8844975490196079 0.1781045751633987 0.03615196078431373 0.0457516339869281
0 0.928921568627451 0.26429738562091504 0.04411764705882353 0.07598039215686274
0 0.9696691176470589 0.2312091503267974 0.025122549019607844 0.06699346405228758
0 0.3330269607843137 0.7724673202614379 0.03370098039215686 0.061274509803921566
0 0.35263480392156865 0.31209150326797386 0.04595588235294118 0.05718954248366013
0 0.9408700980392157 0.7091503267973857 0.04595588235294118 0.049019607843137254
0 0.3318014705882353 0.14583333333333334 0.026348039215686275 0.059640522875817
0 0.6124387254901961 0.6458333333333334 0.0545343137254902 0.03676470588235294
0 0.49816176470588236 0.7132352941176471 0.05024509803921569 0.04411764705882353
0 0.2552083333333333 0.5816993464052288 0.04840686274509804 0.03431372549019608
0 0.9172794117647058 0.5743464052287581 0.07230392156862746 0.042483660130718956
0 0.41513480392156865 0.8333333333333334 0.026348039215686275 0.05718954248366013
0 0.43933823529411764 0.068218954248366 0.051470588235294115 0.035130718954248366
0 0.04105392156862745 0.14052287581699346 0.041666666666666664 0.049019607843137254