0 0.9396446078431373 0.5465686274509803 0.02022058823529412 0.06699346405228758
0 0.6878063725490197 0.6319444444444444 0.04718137254901961 0.05473856209150327
0 0.5860906862745098 0.9072712418300654 0.03370098039215686 0.07761437908496732
0 0.6363357843137255 0.9677287581699346 0.044730392156862746 0.059640522875817
0 0.3014705882352941 0.5200163398692811 0.028186274509803922 0.05473856209150327
0 0.24754901960784315 0.5886437908496732 0.04656862745098039 0.041666666666666664
0 0.13174019607843138 0.5453431372549019 0.03553921568627451 0.08905228758169935
0 0.32230392156862747 0.28022875816993464 0.04656862745098039 0.042483660130718956
0 0.5058210784313726 0.5004084967320261 0.03002450980392157 0.07924836601307189
0 0.034926470588235295 0.7230392156862745 0.0392156862745098 0.06209150326797386
0 0.7971813725490197 0.34395424836601307 0.029411764705882353 0.04738562091503268
0 0.09528186274509803 0.3341503267973856 0.028799019607843136 0.05392156862745098
0 0.2028186274509804 0.46200980392156865 0.0625 0.03022875816993464
0 0.7395833333333334 0.8382352941176471 0.030637254901960783 0.07026143790849673
0 0.8192401960784313 0.9509803921568627 0.03308823529411765 0.06372549019607843
0 0.7199754901960784 0.17279411764705882 0.0392156862745098 0.0857843137254902