0 0.17432598039215685 0.7348856209150327 0.03002450980392157 0.07761437908496732
0 0.2533700980392157 0.7267156862745098 0.03370098039215686 0.061274509803921566
0 0.41421568627450983 0.9223856209150327 0.03676470588235294 0.04084967320261438
0 0.3955269607843137 0.9587418300653595 0.027573529411764705 0.03839869281045752
0 0.43167892156862747 0.03594771241830065 0.061887254901960786 0.049019607843137254
0 0.4564950980392157 0.27328431372549017 0.04044117647058824 0.03676470588235294
0 0.5986519607843137 0.24877450980392157 0.031862745098039214 0.022058823529411766
0 0.5704656862745098 0.2741013071895425 0.03799019607843137 0.031862745098039214
0 0.18933823529411764 0.07598039215686274 0.03553921568627451 0.04084967320261438
0 0.44424019607843135 0.41217320261437906 0.07475490196078431 0.028594771241830064
0 0.05024509803921569 0.13562091503267973 0.04534313725490196 0.06209150326797386
0 0.5165441176470589 0.058823529411764705 0.0392156862745098 0.06372549019607843