0 0.352022 0.652369 0.047181 0.040033
0 0.534007 0.462010 0.033701 0.031863
0 0.561581 0.432190 0.025123 0.047386
0 0.377145 0.883578 0.055760 0.044935
0 0.391238 0.929739 0.054534 0.066993
0 0.231618 0.850899 0.071078 0.035131
0 0.478860 0.525327 0.047181 0.029412
0 0.067402 0.494281 0.071078 0.066993
0 0.143689 0.973039 0.045956 0.044118
0 0.142770 0.123366 0.036765 0.050654
0 0.134498 0.082516 0.031250 0.037582
0 0.283395 0.804330 0.054534 0.077614
0 0.619179 0.166667 0.048407 0.102941
0 0.483150 0.567810 0.047181 0.040850
0 0.480699 0.629493 0.033701 0.087418
0 0.075980 0.356209 0.026961 0.066993
0 0.808211 0.280229 0.046569 0.042484
0 0.635417 0.302696 0.041667 0.053105
