0 0.030786 0.304138 0.060709 0.045310
0 0.290010 0.219184 0.129910 0.069583
0 0.287583 0.320320 0.120202 0.051779
0 0.514628 0.024235 0.064346 0.048471
0 0.602594 0.027475 0.048693 0.054949
0 0.458171 0.216756 0.131127 0.216830
0 0.927441 0.334884 0.059499 0.106803
0 0.839416 0.329222 0.055855 0.082521
0 0.824176 0.397989 0.071759 0.042076
0 0.758672 0.384235 0.069207 0.069583
0 0.684002 0.542813 0.123846 0.121362
0 0.737427 0.752359 0.053421 0.067961
0 0.486704 0.690867 0.086203 0.067961
0 0.154631 0.847020 0.174840 0.169907
0 0.285153 0.902845 0.078915 0.077665
0 0.384715 0.858346 0.054631 0.095468
0 0.423508 0.870482 0.052330 0.129453
0 0.497629 0.080028 0.057065 0.043689
