0 0.075061 0.311275 0.058211 0.045752
0 0.241422 0.309641 0.058824 0.042484
0 0.542586 0.504902 0.058211 0.045752
0 0.583333 0.592320 0.049020 0.032680
0 0.483456 0.610294 0.031863 0.053922
0 0.666360 0.715278 0.034926 0.030229
0 0.690257 0.800245 0.025123 0.041667
0 0.703125 0.866013 0.025123 0.058824
0 0.407475 0.896242 0.034314 0.045752
0 0.760110 0.482026 0.042279 0.047386
0 0.164522 0.866830 0.042279 0.047386
0 0.429228 0.820670 0.026348 0.044935
0 0.196998 0.535539 0.030025 0.079248
0 0.031556 0.715278 0.033701 0.053105
