0 0.6443014705882353 0.636437908496732 0.028799019607843136 0.06535947712418301
0 0.616421568627451 0.2136437908496732 0.03676470588235294 0.07598039215686274
0 0.5082720588235294 0.13562091503267973 0.027573529411764705 0.08986928104575163
0 0.4411764705882353 0.0196078431372549 0.04534313725490196 0.0392156862745098
0 0.9595588235294118 0.5277777777777778 0.03799019607843137 0.06045751633986928
0 0.6378676470588235 0.8819444444444444 0.031862745098039214 0.06454248366013073
0 0.7794117647058824 0.6756535947712419 0.049019607843137254 0.058823529411764705
0 0.38817401960784315 0.8852124183006536 0.017769607843137254 0.03676470588235294
0 0.38878676470588236 0.8549836601307189 0.026348039215686275 0.03349673202614379
0 0.3786764705882353 0.9852941176470589 0.029411764705882353 0.027777777777777776
0 0.6323529411764706 0.42401960784313725 0.0428921568627451 0.0392156862745098
0 0.014399509803921568 0.08088235294117647 0.02144607843137255 0.03431372549019608
0 0.4322916666666667 0.9714052287581699 0.027573529411764705 0.05392156862745098
0 0.40471813725490197 0.9669117647058824 0.025122549019607844 0.028594771241830064