0 0.42922794117647056 0.12990196078431374 0.04963235294117647 0.07026143790849673
0 0.5903799019607843 0.08088235294117647 0.03002450980392157 0.04411764705882353
0 0.8863357843137255 0.4215686274509804 0.05821078431372549 0.07026143790849673
0 0.6942401960784313 0.45955882352941174 0.0428921568627451 0.0857843137254902
0 0.7018995098039216 0.8398692810457516 0.05821078431372549 0.04738562091503268
0 0.25153186274509803 0.7046568627450981 0.034926470588235295 0.07761437908496732
0 0.28952205882352944 0.46568627450980393 0.04840686274509804 0.09477124183006536
0 0.23560049019607843 0.8631535947712419 0.06433823529411764 0.03022875816993464
0 0.2818627450980392 0.8312908496732027 0.03308823529411765 0.07434640522875817
0 0.7144607843137255 0.6160130718954249 0.03799019607843137 0.05228758169934641
0 0.6182598039215687 0.4150326797385621 0.03799019607843137 0.1111111111111111
0 0.5557598039215687 0.22508169934640523 0.02696078431372549 0.07598039215686274
0 0.4898897058823529 0.6323529411764706 0.07659313725490197 0.05065359477124183