0 0.6461397058823529 0.7912581699346405 0.04105392156862745 0.07434640522875817
0 0.7913602941176471 0.2839052287581699 0.05575980392156863 0.035130718954248366
0 0.5962009803921569 0.24019607843137256 0.04656862745098039 0.0718954248366013
0 0.12990196078431374 0.6744281045751634 0.05024509803921569 0.04493464052287582
0 0.2337622549019608 0.5927287581699346 0.037377450980392156 0.06454248366013073
0 0.35294117647058826 0.2826797385620915 0.029411764705882353 0.05228758169934641
0 0.6516544117647058 0.5812908496732027 0.04840686274509804 0.041666666666666664
0 0.06556372549019608 0.4056372549019608 0.029411764705882353 0.05473856209150327
0 0.2261029411764706 0.6956699346405228 0.03308823529411765 0.07761437908496732
0 0.9666053921568627 0.4820261437908497 0.028799019607843136 0.05718954248366013
0 0.42432598039215685 0.7908496732026143 0.02389705882352941 0.06045751633986928
0 0.30667892156862747 0.176062091503268 0.06433823529411764 0.035130718954248366
0 0.40625 0.40645424836601307 0.031862745098039214 0.06781045751633986
0 0.9301470588235294 0.829248366013072 0.04411764705882353 0.05228758169934641
0 0.9408700980392157 0.7140522875816994 0.032475490196078434 0.06209150326797386
0 0.4739583333333333 0.3713235294117647 0.05330882352941176 0.02369281045751634
0 0.7925857843137255 0.6290849673202614 0.02267156862745098 0.04411764705882353
0 0.4338235294117647 0.05228758169934641 0.04044117647058824 0.06045751633986928
0 0.0625 0.5236928104575164 0.04411764705882353 0.06535947712418301
0 0.17677696078431374 0.06495098039215687 0.02022058823529412 0.04493464052287582
0 0.6721813725490197 0.125 0.04656862745098039 0.04084967320261438