0 0.170343 0.505719 0.037990 0.026144
0 0.141850 0.323938 0.025123 0.077614
0 0.149203 0.223448 0.022672 0.044935
0 0.195772 0.094363 0.058211 0.030229
0 0.303002 0.029003 0.050858 0.023693
0 0.261642 0.170343 0.023284 0.036765
0 0.540748 0.024918 0.021446 0.048203
0 0.382047 0.770833 0.058211 0.020425
0 0.486826 0.634804 0.027574 0.065359
0 0.448223 0.564951 0.031250 0.071078
0 0.280331 0.276552 0.052083 0.046569
0 0.718750 0.206291 0.053922 0.031863
0 0.779105 0.056373 0.096201 0.055556
0 0.790748 0.027369 0.052083 0.053105
0 0.487745 0.729167 0.040441 0.043301
0 0.359681 0.592729 0.034314 0.072712
0 0.409620 0.629493 0.060662 0.028595
0 0.261949 0.097222 0.030025 0.042484
0 0.265319 0.104167 0.014706 0.059641
0 0.280331 0.111111 0.043505 0.027778
