0 0.243046 0.746525 0.077191 0.189991
0 0.091099 0.590361 0.087622 0.094532
0 0.220097 0.536145 0.034075 0.084337
0 0.428373 0.555144 0.061196 0.144578
0 0.519124 0.913346 0.050765 0.126969
0 0.625174 0.241891 0.094576 0.202039
0 0.753825 0.333179 0.073713 0.112141
0 0.754172 0.191844 0.053547 0.118628
0 0.946453 0.270158 0.107093 0.049120
0 0.839360 0.056997 0.069541 0.112141
0 0.682893 0.051437 0.038943 0.097312
0 0.744089 0.068119 0.070932 0.101019
0 0.592490 0.069045 0.104312 0.115848
0 0.389430 0.101019 0.090403 0.114921
0 0.105355 0.109361 0.079972 0.066728
0 0.156815 0.774791 0.071627 0.114921
0 0.534423 0.720575 0.053547 0.110287
0 0.170028 0.874421 0.028512 0.065802
0 0.963839 0.554217 0.069541 0.035218
0 0.537552 0.083411 0.038943 0.061168
0 0.970445 0.138091 0.041029 0.098239
0 0.888387 0.317424 0.015994 0.102873
0 0.050070 0.918443 0.097357 0.063021
