0 0.12438725490196079 0.7504084967320261 0.02696078431372549 0.07107843137254902
0 0.13725490196078433 0.6854575163398693 0.041666666666666664 0.03594771241830065
0 0.06372549019607843 0.6258169934640523 0.06985294117647059 0.06699346405228758
0 0.31985294117647056 0.6764705882352942 0.05024509803921569 0.04411764705882353
0 0.5027573529411765 0.8129084967320261 0.05943627450980392 0.03758169934640523
0 0.6182598039215687 0.9244281045751634 0.05024509803921569 0.03022875816993464
0 0.7138480392156863 0.8504901960784313 0.04656862745098039 0.05555555555555555
0 0.8131127450980392 0.8660130718954249 0.04044117647058824 0.058823529411764705
0 0.8566176470588235 0.19321895424836602 0.031862745098039214 0.0727124183006536
0 0.17310049019607843 0.31209150326797386 0.027573529411764705 0.04084967320261438
0 0.15410539215686275 0.460375816993464 0.04350490196078431 0.02696078431372549
0 0.1724877450980392 0.8986928104575164 0.05943627450980392 0.04084967320261438
0 0.24846813725490197 0.8231209150326797 0.04963235294117647 0.03022875816993464
0 0.24325980392156862 0.7757352941176471 0.03676470588235294 0.08415032679738563
0 0.5530024509803921 0.5016339869281046 0.028799019607843136 0.0457516339869281
0 0.5683210784313726 0.4415849673202614 0.02389705882352941 0.03349673202614379
0 0.609375 0.46119281045751637 0.027573529411764705 0.025326797385620915
0 0.4166666666666667 0.15931372549019607 0.03676470588235294 0.0457516339869281
0 0.7791053921568627 0.4485294117647059 0.02022058823529412 0.03431372549019608
0 0.9022671568627451 0.4497549019607843 0.02389705882352941 0.025326797385620915
0 0.9362745098039216 0.4293300653594771 0.031862745098039214 0.041666666666666664
0 0.6770833333333334 0.5625 0.029411764705882353 0.059640522875817
0 0.18566176470588236 0.41748366013071897 0.030637254901960783 0.058823529411764705
0 0.25275735294117646 0.4040032679738562 0.03002450980392157 0.0661764705882353
0 0.34375 0.1156045751633987 0.0661764705882353 0.031862745098039214
0 0.7472426470588235 0.3700980392156863 0.034926470588235295 0.06862745098039216