0 0.662952 0.218054 0.101635 0.143689
0 0.599064 0.060774 0.023229 0.116506
0 0.796532 0.097669 0.058080 0.124272
0 0.596161 0.386988 0.078406 0.081557
0 0.509775 0.486015 0.068240 0.155348
0 0.363125 0.573397 0.103091 0.108740
0 0.091615 0.232618 0.065336 0.083494
0 0.241888 0.465626 0.075502 0.087377
0 0.106133 0.666599 0.047914 0.081557
0 0.180908 0.654949 0.075495 0.104856
0 0.277460 0.695723 0.074047 0.077674
0 0.159854 0.869509 0.042107 0.110677
0 0.217207 0.881158 0.052266 0.118443
0 0.299241 0.516112 0.071150 0.122326
0 0.686909 0.691840 0.097283 0.178638
0 0.878562 0.972132 0.068240 0.055737
0 0.687633 0.359801 0.075502 0.097081
0 0.803067 0.258832 0.050818 0.128156
