0 0.01685049019607843 0.3329248366013072 0.03370098039215686 0.028594771241830064
0 0.21721813725490197 0.34068627450980393 0.025122549019607844 0.05392156862745098
0 0.3446691176470588 0.09191176470588236 0.05943627450980392 0.028594771241830064
0 0.5238970588235294 0.25735294117647056 0.04411764705882353 0.049019607843137254
0 0.6516544117647058 0.5625 0.05698529411764706 0.035130718954248366
0 0.9381127450980392 0.4444444444444444 0.0784313725490196 0.042483660130718956
0 0.7610294117647058 0.37336601307189543 0.04534313725490196 0.0392156862745098
0 0.9733455882352942 0.2079248366013072 0.052083333333333336 0.028594771241830064
0 0.017463235294117647 0.4444444444444444 0.034926470588235295 0.032679738562091505
0 0.015012254901960785 0.4048202614379085 0.03002450980392157 0.04003267973856209
0 0.47457107843137253 0.5861928104575164 0.0545343137254902 0.03839869281045752
0 0.06311274509803921 0.6740196078431373 0.028186274509803922 0.10294117647058823
0 0.8342524509803921 0.4624183006535948 0.02022058823529412 0.05065359477124183