0 0.3939950980392157 0.5265522875816994 0.025735294117647058 0.06781045751633986
0 0.4693627450980392 0.7169117647058824 0.028186274509803922 0.06944444444444445
0 0.6170343137254902 0.6683006535947712 0.05024509803921569 0.04738562091503268
0 0.8128063725490197 0.494281045751634 0.06924019607843138 0.032679738562091505
0 0.2346813725490196 0.7655228758169934 0.04656862745098039 0.027777777777777776
0 0.03308823529411765 0.5175653594771242 0.03553921568627451 0.04493464052287582
0 0.3005514705882353 0.8312908496732027 0.044730392156862746 0.059640522875817
0 0.3854166666666667 0.8423202614379085 0.05024509803921569 0.03758169934640523
0 0.8137254901960784 0.9481209150326797 0.056372549019607844 0.035130718954248366
0 0.8556985294117647 0.272875816993464 0.0508578431372549 0.04738562091503268
0 0.5431985294117647 0.12091503267973856 0.05943627450980392 0.03758169934640523
0 0.4564950980392157 0.5563725490196079 0.028186274509803922 0.07679738562091504
0 0.90625 0.6576797385620915 0.0392156862745098 0.05392156862745098
0 0.16819852941176472 0.9150326797385621 0.025122549019607844 0.042483660130718956
0 0.05821078431372549 0.8525326797385621 0.0428921568627451 0.08905228758169935
0 0.0821078431372549 0.43504901960784315 0.04044117647058824 0.07434640522875817
0 0.9571078431372549 0.07598039215686274 0.04779411764705882 0.06045751633986928