0 0.961703431372549 0.4264705882352941 0.044730392156862746 0.04411764705882353
0 0.9451593137254902 0.5649509803921569 0.026348039215686275 0.08741830065359477
0 0.9800857843137255 0.8508986928104575 0.025122549019607844 0.08905228758169935
0 0.8584558823529411 0.9215686274509803 0.030637254901960783 0.06209150326797386
0 0.7919730392156863 0.8002450980392157 0.05698529411764706 0.035130718954248366
0 0.8311887254901961 0.7924836601307189 0.02389705882352941 0.05718954248366013
0 0.4424019607843137 0.9783496732026143 0.025735294117647058 0.041666666666666664
0 0.7233455882352942 0.4652777777777778 0.032475490196078434 0.08088235294117647
0 0.5778186274509803 0.2520424836601307 0.0661764705882353 0.03839869281045752
0 0.4231004901960784 0.28513071895424835 0.05698529411764706 0.05065359477124183
0 0.29442401960784315 0.07924836601307189 0.025122549019607844 0.04411764705882353
0 0.9258578431372549 0.22589869281045752 0.04044117647058824 0.03676470588235294
0 0.33700980392156865 0.9003267973856209 0.03676470588235294 0.05718954248366013