0 0.4684436274509804 0.16013071895424835 0.044730392156862746 0.03758169934640523
0 0.23223039215686275 0.07598039215686274 0.012254901960784314 0.016339869281045753
0 0.24693627450980393 0.11070261437908496 0.029411764705882353 0.06944444444444445
0 0.5045955882352942 0.3831699346405229 0.02267156862745098 0.05065359477124183
0 0.48223039215686275 0.2099673202614379 0.029411764705882353 0.049019607843137254
0 0.6544117647058824 0.03349673202614379 0.02696078431372549 0.04738562091503268
0 0.7524509803921569 0.6785130718954249 0.04534313725490196 0.035130718954248366
0 0.8048406862745098 0.5988562091503268 0.03615196078431373 0.10130718954248366
0 0.4577205882352941 0.8043300653594772 0.028186274509803922 0.04330065359477124
0 0.38817401960784315 0.6503267973856209 0.027573529411764705 0.05555555555555555
0 0.8017769607843137 0.9240196078431373 0.025122549019607844 0.05065359477124183
0 0.8091299019607843 0.9546568627450981 0.0508578431372549 0.02369281045751634
0 0.8293504901960784 0.9816176470588235 0.02267156862745098 0.03349673202614379