0 0.1712622549019608 0.20915032679738563 0.08762254901960784 0.03758169934640523
0 0.38388480392156865 0.10375816993464053 0.02389705882352941 0.06862745098039216
0 0.29840686274509803 0.1053921568627451 0.0428921568627451 0.05228758169934641
0 0.44699754901960786 0.19648692810457516 0.09497549019607843 0.028594771241830064
0 0.6295955882352942 0.21323529411764705 0.027573529411764705 0.06535947712418301
0 0.6485906862745098 0.22099673202614378 0.027573529411764705 0.07434640522875817
0 0.4420955882352941 0.39052287581699346 0.02144607843137255 0.05228758169934641
0 0.06066176470588235 0.4048202614379085 0.04044117647058824 0.04003267973856209
0 0.04105392156862745 0.556781045751634 0.0821078431372549 0.03022875816993464
0 0.10876225490196079 0.7267156862745098 0.05821078431372549 0.03676470588235294
0 0.04656862745098039 0.8786764705882353 0.06372549019607843 0.02696078431372549
0 0.6044730392156863 0.7352941176470589 0.027573529411764705 0.05718954248366013
0 0.8909313725490197 0.738562091503268 0.041666666666666664 0.04411764705882353
0 0.609375 0.3991013071895425 0.027573529411764705 0.0727124183006536
0 0.6525735294117647 0.3741830065359477 0.04044117647058824 0.05392156862745098
0 0.7003676470588235 0.3321078431372549 0.04044117647058824 0.07434640522875817